"","ld2","Var1","Var2","Var3"
"1",110.930555450955,0.1,0,5
"2",121.003214990403,0.2,0,5
"3",127.985135081641,0.3,0,5
"4",132.956824438692,0.4,0,5
"5",136.430399208122,0.5,0,5
"6",138.706606745133,0.6,0,5
"7",139.983339266001,0.7,0,5
"8",140.400450624546,0.8,0,5
"9",140.061644966578,0.9,0,5
"10",139.046659202807,1,0,5
"11",109.321117538521,0.1,0.2,5
"12",119.393777077969,0.2,0.2,5
"13",126.375697169206,0.3,0.2,5
"14",131.347386526258,0.4,0.2,5
"15",134.820961295687,0.5,0.2,5
"16",137.097168832699,0.6,0.2,5
"17",138.373901353567,0.7,0.2,5
"18",138.791012712112,0.8,0.2,5
"19",138.452207054144,0.9,0.2,5
"20",137.437221290373,1,0.2,5
"21",110.01426471908,0.1,0.4,5
"22",120.086924258529,0.2,0.4,5
"23",127.068844349766,0.3,0.4,5
"24",132.040533706818,0.4,0.4,5
"25",135.514108476247,0.5,0.4,5
"26",137.790316013259,0.6,0.4,5
"27",139.067048534127,0.7,0.4,5
"28",139.484159892672,0.8,0.4,5
"29",139.145354234704,0.9,0.4,5
"30",138.130368470933,1,0.4,5
"31",110.419729827189,0.1,0.6,5
"32",120.492389366637,0.2,0.6,5
"33",127.474309457875,0.3,0.6,5
"34",132.445998814926,0.4,0.6,5
"35",135.919573584356,0.5,0.6,5
"36",138.195781121367,0.6,0.6,5
"37",139.472513642235,0.7,0.6,5
"38",139.88962500078,0.8,0.6,5
"39",139.550819342812,0.9,0.6,5
"40",138.535833579041,1,0.6,5
"41",110.70741189964,0.1,0.8,5
"42",120.780071439089,0.2,0.8,5
"43",127.761991530326,0.3,0.8,5
"44",132.733680887378,0.4,0.8,5
"45",136.207255656807,0.5,0.8,5
"46",138.483463193819,0.6,0.8,5
"47",139.760195714687,0.7,0.8,5
"48",140.177307073232,0.8,0.8,5
"49",139.838501415264,0.9,0.8,5
"50",138.823515651493,1,0.8,5
"51",110.930555450955,0.1,1,5
"52",121.003214990403,0.2,1,5
"53",127.985135081641,0.3,1,5
"54",132.956824438692,0.4,1,5
"55",136.430399208122,0.5,1,5
"56",138.706606745133,0.6,1,5
"57",139.983339266001,0.7,1,5
"58",140.400450624546,0.8,1,5
"59",140.061644966578,0.9,1,5
"60",139.046659202807,1,1,5
"61",111.112877007749,0.1,1.2,5
"62",121.185536547197,0.2,1.2,5
"63",128.167456638434,0.3,1.2,5
"64",133.139145995486,0.4,1.2,5
"65",136.612720764915,0.5,1.2,5
"66",138.888928301927,0.6,1.2,5
"67",140.165660822795,0.7,1.2,5
"68",140.58277218134,0.8,1.2,5
"69",140.243966523372,0.9,1.2,5
"70",139.228980759601,1,1.2,5
"71",111.267027687576,0.1,1.4,5
"72",121.339687227024,0.2,1.4,5
"73",128.321607318262,0.3,1.4,5
"74",133.293296675314,0.4,1.4,5
"75",136.766871444743,0.5,1.4,5
"76",139.043078981754,0.6,1.4,5
"77",140.319811502622,0.7,1.4,5
"78",140.736922861167,0.8,1.4,5
"79",140.398117203199,0.9,1.4,5
"80",139.383131439429,1,1.4,5
"81",111.4005590802,0.1,1.6,5
"82",121.473218619649,0.2,1.6,5
"83",128.455138710886,0.3,1.6,5
"84",133.426828067938,0.4,1.6,5
"85",136.900402837367,0.5,1.6,5
"86",139.176610374379,0.6,1.6,5
"87",140.453342895247,0.7,1.6,5
"88",140.870454253792,0.8,1.6,5
"89",140.531648595824,0.9,1.6,5
"90",139.516662832053,1,1.6,5
"91",111.518342115857,0.1,1.8,5
"92",121.591001655305,0.2,1.8,5
"93",128.572921746543,0.3,1.8,5
"94",133.544611103594,0.4,1.8,5
"95",137.018185873024,0.5,1.8,5
"96",139.294393410035,0.6,1.8,5
"97",140.571125930903,0.7,1.8,5
"98",140.988237289448,0.8,1.8,5
"99",140.64943163148,0.9,1.8,5
"100",139.63444586771,1,1.8,5
"101",111.623702631515,0.1,2,5
"102",121.696362170963,0.2,2,5
"103",128.6782822622,0.3,2,5
"104",133.649971619252,0.4,2,5
"105",137.123546388681,0.5,2,5
"106",139.399753925693,0.6,2,5
"107",140.676486446561,0.7,2,5
"108",141.093597805106,0.8,2,5
"109",140.754792147138,0.9,2,5
"110",139.739806383367,1,2,5
"111",111.218444880727,0.1,0,5.25
"112",121.579159453826,0.2,0,5.25
"113",128.849469970692,0.3,0,5.25
"114",134.110063301895,0.4,0,5.25
"115",137.873249578613,0.5,0,5.25
"116",140.4399855123,0.6,0,5.25
"117",142.008400830742,0.7,0,5.25
"118",142.718619135912,0.8,0,5.25
"119",142.674717379127,0.9,0,5.25
"120",141.956662546844,1,0,5.25
"121",109.609006968293,0.1,0.2,5.25
"122",119.969721541391,0.2,0.2,5.25
"123",127.240032058258,0.3,0.2,5.25
"124",132.500625389461,0.4,0.2,5.25
"125",136.263811666179,0.5,0.2,5.25
"126",138.830547599866,0.6,0.2,5.25
"127",140.398962918308,0.7,0.2,5.25
"128",141.109181223478,0.8,0.2,5.25
"129",141.065279466693,0.9,0.2,5.25
"130",140.34722463441,1,0.2,5.25
"131",110.302154148852,0.1,0.4,5.25
"132",120.662868721951,0.2,0.4,5.25
"133",127.933179238818,0.3,0.4,5.25
"134",133.193772570021,0.4,0.4,5.25
"135",136.956958846739,0.5,0.4,5.25
"136",139.523694780426,0.6,0.4,5.25
"137",141.092110098868,0.7,0.4,5.25
"138",141.802328404038,0.8,0.4,5.25
"139",141.758426647253,0.9,0.4,5.25
"140",141.04037181497,1,0.4,5.25
"141",110.707619256961,0.1,0.6,5.25
"142",121.06833383006,0.2,0.6,5.25
"143",128.338644346926,0.3,0.6,5.25
"144",133.599237678129,0.4,0.6,5.25
"145",137.362423954847,0.5,0.6,5.25
"146",139.929159888534,0.6,0.6,5.25
"147",141.497575206976,0.7,0.6,5.25
"148",142.207793512146,0.8,0.6,5.25
"149",142.163891755361,0.9,0.6,5.25
"150",141.445836923079,1,0.6,5.25
"151",110.995301329412,0.1,0.8,5.25
"152",121.356015902511,0.2,0.8,5.25
"153",128.626326419378,0.3,0.8,5.25
"154",133.886919750581,0.4,0.8,5.25
"155",137.650106027299,0.5,0.8,5.25
"156",140.216841960986,0.6,0.8,5.25
"157",141.785257279428,0.7,0.8,5.25
"158",142.495475584598,0.8,0.8,5.25
"159",142.451573827813,0.9,0.8,5.25
"160",141.73351899553,1,0.8,5.25
"161",111.218444880727,0.1,1,5.25
"162",121.579159453826,0.2,1,5.25
"163",128.849469970692,0.3,1,5.25
"164",134.110063301895,0.4,1,5.25
"165",137.873249578613,0.5,1,5.25
"166",140.4399855123,0.6,1,5.25
"167",142.008400830742,0.7,1,5.25
"168",142.718619135912,0.8,1,5.25
"169",142.674717379127,0.9,1,5.25
"170",141.956662546844,1,1,5.25
"171",111.400766437521,0.1,1.2,5.25
"172",121.761481010619,0.2,1.2,5.25
"173",129.031791527486,0.3,1.2,5.25
"174",134.292384858689,0.4,1.2,5.25
"175",138.055571135407,0.5,1.2,5.25
"176",140.622307069094,0.6,1.2,5.25
"177",142.190722387536,0.7,1.2,5.25
"178",142.900940692706,0.8,1.2,5.25
"179",142.857038935921,0.9,1.2,5.25
"180",142.138984103638,1,1.2,5.25
"181",111.554917117348,0.1,1.4,5.25
"182",121.915631690447,0.2,1.4,5.25
"183",129.185942207313,0.3,1.4,5.25
"184",134.446535538516,0.4,1.4,5.25
"185",138.209721815234,0.5,1.4,5.25
"186",140.776457748921,0.6,1.4,5.25
"187",142.344873067363,0.7,1.4,5.25
"188",143.055091372533,0.8,1.4,5.25
"189",143.011189615749,0.9,1.4,5.25
"190",142.293134783466,1,1.4,5.25
"191",111.688448509972,0.1,1.6,5.25
"192",122.049163083071,0.2,1.6,5.25
"193",129.319473599938,0.3,1.6,5.25
"194",134.580066931141,0.4,1.6,5.25
"195",138.343253207859,0.5,1.6,5.25
"196",140.909989141546,0.6,1.6,5.25
"197",142.478404459988,0.7,1.6,5.25
"198",143.188622765158,0.8,1.6,5.25
"199",143.144721008373,0.9,1.6,5.25
"200",142.42666617609,1,1.6,5.25
"201",111.806231545629,0.1,1.8,5.25
"202",122.166946118728,0.2,1.8,5.25
"203",129.437256635594,0.3,1.8,5.25
"204",134.697849966797,0.4,1.8,5.25
"205",138.461036243515,0.5,1.8,5.25
"206",141.027772177202,0.6,1.8,5.25
"207",142.596187495644,0.7,1.8,5.25
"208",143.306405800814,0.8,1.8,5.25
"209",143.262504044029,0.9,1.8,5.25
"210",142.544449211747,1,1.8,5.25
"211",111.911592061287,0.1,2,5.25
"212",122.272306634385,0.2,2,5.25
"213",129.542617151252,0.3,2,5.25
"214",134.803210482455,0.4,2,5.25
"215",138.566396759173,0.5,2,5.25
"216",141.13313269286,0.6,2,5.25
"217",142.701548011302,0.7,2,5.25
"218",143.411766316472,0.8,2,5.25
"219",143.367864559687,0.9,2,5.25
"220",142.649809727404,1,2,5.25
"221",111.492936772488,0.1,0,5.5
"222",122.128286693773,0.2,0,5.5
"223",129.673522768336,0.3,0,5.5
"224",135.209485213153,0.4,0,5.5
"225",139.248649741393,0.5,0,5.5
"226",142.092150855453,0.6,0,5.5
"227",143.938317737924,0.7,0,5.5
"228",144.927498332458,0.8,0,5.5
"229",145.164025835643,0.9,0,5.5
"230",144.72819632381,1,0,5.5
"231",109.883498860054,0.1,0.2,5.5
"232",120.518848781339,0.2,0.2,5.5
"233",128.064084855902,0.3,0.2,5.5
"234",133.600047300719,0.4,0.2,5.5
"235",137.639211828959,0.5,0.2,5.5
"236",140.482712943019,0.6,0.2,5.5
"237",142.32887982549,0.7,0.2,5.5
"238",143.318060420024,0.8,0.2,5.5
"239",143.554587923209,0.9,0.2,5.5
"240",143.118758411376,1,0.2,5.5
"241",110.576646040614,0.1,0.4,5.5
"242",121.211995961899,0.2,0.4,5.5
"243",128.757232036462,0.3,0.4,5.5
"244",134.293194481279,0.4,0.4,5.5
"245",138.332359009519,0.5,0.4,5.5
"246",141.175860123579,0.6,0.4,5.5
"247",143.02202700605,0.7,0.4,5.5
"248",144.011207600584,0.8,0.4,5.5
"249",144.247735103769,0.9,0.4,5.5
"250",143.811905591936,1,0.4,5.5
"251",110.982111148722,0.1,0.6,5.5
"252",121.617461070007,0.2,0.6,5.5
"253",129.16269714457,0.3,0.6,5.5
"254",134.698659589387,0.4,0.6,5.5
"255",138.737824117627,0.5,0.6,5.5
"256",141.581325231687,0.6,0.6,5.5
"257",143.427492114158,0.7,0.6,5.5
"258",144.416672708692,0.8,0.6,5.5
"259",144.653200211877,0.9,0.6,5.5
"260",144.217370700044,1,0.6,5.5
"261",111.269793221174,0.1,0.8,5.5
"262",121.905143142459,0.2,0.8,5.5
"263",129.450379217022,0.3,0.8,5.5
"264",134.986341661839,0.4,0.8,5.5
"265",139.025506190079,0.5,0.8,5.5
"266",141.869007304139,0.6,0.8,5.5
"267",143.71517418661,0.7,0.8,5.5
"268",144.704354781144,0.8,0.8,5.5
"269",144.940882284329,0.9,0.8,5.5
"270",144.505052772496,1,0.8,5.5
"271",111.492936772488,0.1,1,5.5
"272",122.128286693773,0.2,1,5.5
"273",129.673522768336,0.3,1,5.5
"274",135.209485213153,0.4,1,5.5
"275",139.248649741393,0.5,1,5.5
"276",142.092150855453,0.6,1,5.5
"277",143.938317737924,0.7,1,5.5
"278",144.927498332458,0.8,1,5.5
"279",145.164025835643,0.9,1,5.5
"280",144.72819632381,1,1,5.5
"281",111.675258329282,0.1,1.2,5.5
"282",122.310608250567,0.2,1.2,5.5
"283",129.85584432513,0.3,1.2,5.5
"284",135.391806769947,0.4,1.2,5.5
"285",139.430971298187,0.5,1.2,5.5
"286",142.274472412247,0.6,1.2,5.5
"287",144.120639294718,0.7,1.2,5.5
"288",145.109819889252,0.8,1.2,5.5
"289",145.346347392437,0.9,1.2,5.5
"290",144.910517880604,1,1.2,5.5
"291",111.829409009109,0.1,1.4,5.5
"292",122.464758930394,0.2,1.4,5.5
"293",130.009995004957,0.3,1.4,5.5
"294",135.545957449774,0.4,1.4,5.5
"295",139.585121978014,0.5,1.4,5.5
"296",142.428623092075,0.6,1.4,5.5
"297",144.274789974545,0.7,1.4,5.5
"298",145.263970569079,0.8,1.4,5.5
"299",145.500498072264,0.9,1.4,5.5
"300",145.064668560431,1,1.4,5.5
"301",111.962940401734,0.1,1.6,5.5
"302",122.598290323019,0.2,1.6,5.5
"303",130.143526397582,0.3,1.6,5.5
"304",135.679488842399,0.4,1.6,5.5
"305",139.718653370639,0.5,1.6,5.5
"306",142.562154484699,0.6,1.6,5.5
"307",144.40832136717,0.7,1.6,5.5
"308",145.397501961704,0.8,1.6,5.5
"309",145.634029464889,0.9,1.6,5.5
"310",145.198199953056,1,1.6,5.5
"311",112.08072343739,0.1,1.8,5.5
"312",122.716073358675,0.2,1.8,5.5
"313",130.261309433238,0.3,1.8,5.5
"314",135.797271878055,0.4,1.8,5.5
"315",139.836436406295,0.5,1.8,5.5
"316",142.679937520355,0.6,1.8,5.5
"317",144.526104402826,0.7,1.8,5.5
"318",145.51528499736,0.8,1.8,5.5
"319",145.751812500545,0.9,1.8,5.5
"320",145.315982988712,1,1.8,5.5
"321",112.186083953048,0.1,2,5.5
"322",122.821433874333,0.2,2,5.5
"323",130.366669948896,0.3,2,5.5
"324",135.902632393713,0.4,2,5.5
"325",139.941796921953,0.5,2,5.5
"326",142.785298036013,0.6,2,5.5
"327",144.631464918484,0.7,2,5.5
"328",145.620645513018,0.8,2,5.5
"329",145.857173016203,0.9,2,5.5
"330",145.42134350437,1,2,5.5
"331",111.755222932808,0.1,0,5.75
"332",122.652984106475,0.2,0,5.75
"333",130.460884243283,0.3,0,5.75
"334",136.259896529494,0.4,0,5.75
"335",140.562644810025,0.5,0,5.75
"336",143.670399192183,0.6,0,5.75
"337",145.781674837384,0.7,0,5.75
"338",147.037002816936,0.8,0,5.75
"339",147.540929833181,0.9,0,5.75
"340",147.374069994071,1,0,5.75
"341",110.145785020374,0.1,0.2,5.75
"342",121.043546194041,0.2,0.2,5.75
"343",128.851446330849,0.3,0.2,5.75
"344",134.65045861706,0.4,0.2,5.75
"345",138.953206897591,0.5,0.2,5.75
"346",142.060961279749,0.6,0.2,5.75
"347",144.17223692495,0.7,0.2,5.75
"348",145.427564904502,0.8,0.2,5.75
"349",145.931491920747,0.9,0.2,5.75
"350",145.764632081637,1,0.2,5.75
"351",110.838932200934,0.1,0.4,5.75
"352",121.7366933746,0.2,0.4,5.75
"353",129.544593511409,0.3,0.4,5.75
"354",135.34360579762,0.4,0.4,5.75
"355",139.646354078151,0.5,0.4,5.75
"356",142.754108460309,0.6,0.4,5.75
"357",144.86538410551,0.7,0.4,5.75
"358",146.120712085061,0.8,0.4,5.75
"359",146.624639101307,0.9,0.4,5.75
"360",146.457779262197,1,0.4,5.75
"361",111.244397309042,0.1,0.6,5.75
"362",122.142158482709,0.2,0.6,5.75
"363",129.950058619517,0.3,0.6,5.75
"364",135.749070905728,0.4,0.6,5.75
"365",140.051819186259,0.5,0.6,5.75
"366",143.159573568417,0.6,0.6,5.75
"367",145.270849213618,0.7,0.6,5.75
"368",146.52617719317,0.8,0.6,5.75
"369",147.030104209415,0.9,0.6,5.75
"370",146.863244370305,1,0.6,5.75
"371",111.532079381494,0.1,0.8,5.75
"372",122.42984055516,0.2,0.8,5.75
"373",130.237740691969,0.3,0.8,5.75
"374",136.03675297818,0.4,0.8,5.75
"375",140.339501258711,0.5,0.8,5.75
"376",143.447255640869,0.6,0.8,5.75
"377",145.55853128607,0.7,0.8,5.75
"378",146.813859265621,0.8,0.8,5.75
"379",147.317786281867,0.9,0.8,5.75
"380",147.150926442757,1,0.8,5.75
"381",111.755222932808,0.1,1,5.75
"382",122.652984106475,0.2,1,5.75
"383",130.460884243283,0.3,1,5.75
"384",136.259896529494,0.4,1,5.75
"385",140.562644810025,0.5,1,5.75
"386",143.670399192183,0.6,1,5.75
"387",145.781674837384,0.7,1,5.75
"388",147.037002816936,0.8,1,5.75
"389",147.540929833181,0.9,1,5.75
"390",147.374069994071,1,1,5.75
"391",111.937544489602,0.1,1.2,5.75
"392",122.835305663269,0.2,1.2,5.75
"393",130.643205800077,0.3,1.2,5.75
"394",136.442218086288,0.4,1.2,5.75
"395",140.744966366819,0.5,1.2,5.75
"396",143.852720748977,0.6,1.2,5.75
"397",145.963996394178,0.7,1.2,5.75
"398",147.21932437373,0.8,1.2,5.75
"399",147.723251389975,0.9,1.2,5.75
"400",147.556391550865,1,1.2,5.75
"401",112.091695169429,0.1,1.4,5.75
"402",122.989456343096,0.2,1.4,5.75
"403",130.797356479904,0.3,1.4,5.75
"404",136.596368766115,0.4,1.4,5.75
"405",140.899117046646,0.5,1.4,5.75
"406",144.006871428804,0.6,1.4,5.75
"407",146.118147074006,0.7,1.4,5.75
"408",147.373475053557,0.8,1.4,5.75
"409",147.877402069803,0.9,1.4,5.75
"410",147.710542230692,1,1.4,5.75
"411",112.225226562054,0.1,1.6,5.75
"412",123.12298773572,0.2,1.6,5.75
"413",130.930887872529,0.3,1.6,5.75
"414",136.72990015874,0.4,1.6,5.75
"415",141.032648439271,0.5,1.6,5.75
"416",144.140402821428,0.6,1.6,5.75
"417",146.25167846663,0.7,1.6,5.75
"418",147.507006446181,0.8,1.6,5.75
"419",148.010933462427,0.9,1.6,5.75
"420",147.844073623316,1,1.6,5.75
"421",112.34300959771,0.1,1.8,5.75
"422",123.240770771377,0.2,1.8,5.75
"423",131.048670908185,0.3,1.8,5.75
"424",136.847683194396,0.4,1.8,5.75
"425",141.150431474927,0.5,1.8,5.75
"426",144.258185857085,0.6,1.8,5.75
"427",146.369461502286,0.7,1.8,5.75
"428",147.624789481838,0.8,1.8,5.75
"429",148.128716498084,0.9,1.8,5.75
"430",147.961856658973,1,1.8,5.75
"431",112.448370113368,0.1,2,5.75
"432",123.346131287035,0.2,2,5.75
"433",131.154031423843,0.3,2,5.75
"434",136.953043710054,0.4,2,5.75
"435",141.255791990585,0.5,2,5.75
"436",144.363546372743,0.6,2,5.75
"437",146.474822017944,0.7,2,5.75
"438",147.730149997496,0.8,2,5.75
"439",148.234077013741,0.9,2,5.75
"440",148.067217174631,1,2,5.75
"441",112.006342876751,0.1,0,6
"442",123.155333730037,0.2,0,6
"443",131.214685130018,0.3,0,6
"444",137.265486335244,0.4,0,6
"445",141.820483599528,0.5,0,6
"446",145.181082393566,0.6,0,6
"447",147.545939035715,0.7,0,6
"448",149.055746195005,0.8,0,6
"449",149.815230431524,0.9,0,6
"450",149.905209639049,1,0,6
"451",110.396904964317,0.1,0.2,6
"452",121.545895817603,0.2,0.2,6
"453",129.605247217584,0.3,0.2,6
"454",135.65604842281,0.4,0.2,6
"455",140.211045687094,0.5,0.2,6
"456",143.571644481132,0.6,0.2,6
"457",145.93650112328,0.7,0.2,6
"458",147.446308282571,0.8,0.2,6
"459",148.20579251909,0.9,0.2,6
"460",148.295771726615,1,0.2,6
"461",111.090052144877,0.1,0.4,6
"462",122.239042998163,0.2,0.4,6
"463",130.298394398144,0.3,0.4,6
"464",136.34919560337,0.4,0.4,6
"465",140.904192867654,0.5,0.4,6
"466",144.264791661692,0.6,0.4,6
"467",146.62964830384,0.7,0.4,6
"468",148.139455463131,0.8,0.4,6
"469",148.89893969965,0.9,0.4,6
"470",148.988918907175,1,0.4,6
"471",111.495517252985,0.1,0.6,6
"472",122.644508106271,0.2,0.6,6
"473",130.703859506253,0.3,0.6,6
"474",136.754660711478,0.4,0.6,6
"475",141.309657975762,0.5,0.6,6
"476",144.6702567698,0.6,0.6,6
"477",147.035113411949,0.7,0.6,6
"478",148.544920571239,0.8,0.6,6
"479",149.304404807758,0.9,0.6,6
"480",149.394384015283,1,0.6,6
"481",111.783199325437,0.1,0.8,6
"482",122.932190178722,0.2,0.8,6
"483",130.991541578704,0.3,0.8,6
"484",137.042342783929,0.4,0.8,6
"485",141.597340048214,0.5,0.8,6
"486",144.957938842252,0.6,0.8,6
"487",147.3227954844,0.7,0.8,6
"488",148.832602643691,0.8,0.8,6
"489",149.59208688021,0.9,0.8,6
"490",149.682066087735,1,0.8,6
"491",112.006342876751,0.1,1,6
"492",123.155333730037,0.2,1,6
"493",131.214685130018,0.3,1,6
"494",137.265486335244,0.4,1,6
"495",141.820483599528,0.5,1,6
"496",145.181082393566,0.6,1,6
"497",147.545939035715,0.7,1,6
"498",149.055746195005,0.8,1,6
"499",149.815230431524,0.9,1,6
"500",149.905209639049,1,1,6
"501",112.188664433545,0.1,1.2,6
"502",123.337655286831,0.2,1.2,6
"503",131.397006686812,0.3,1.2,6
"504",137.447807892038,0.4,1.2,6
"505",142.002805156322,0.5,1.2,6
"506",145.36340395036,0.6,1.2,6
"507",147.728260592509,0.7,1.2,6
"508",149.238067751799,0.8,1.2,6
"509",149.997551988318,0.9,1.2,6
"510",150.087531195843,1,1.2,6
"511",112.342815113373,0.1,1.4,6
"512",123.491805966658,0.2,1.4,6
"513",131.55115736664,0.3,1.4,6
"514",137.601958571865,0.4,1.4,6
"515",142.156955836149,0.5,1.4,6
"516",145.517554630187,0.6,1.4,6
"517",147.882411272336,0.7,1.4,6
"518",149.392218431627,0.8,1.4,6
"519",150.151702668145,0.9,1.4,6
"520",150.24168187567,1,1.4,6
"521",112.476346505997,0.1,1.6,6
"522",123.625337359282,0.2,1.6,6
"523",131.684688759264,0.3,1.6,6
"524",137.735489964489,0.4,1.6,6
"525",142.290487228774,0.5,1.6,6
"526",145.651086022812,0.6,1.6,6
"527",148.01594266496,0.7,1.6,6
"528",149.525749824251,0.8,1.6,6
"529",150.28523406077,0.9,1.6,6
"530",150.375213268295,1,1.6,6
"531",112.594129541654,0.1,1.8,6
"532",123.743120394939,0.2,1.8,6
"533",131.802471794921,0.3,1.8,6
"534",137.853273000146,0.4,1.8,6
"535",142.40827026443,0.5,1.8,6
"536",145.768869058468,0.6,1.8,6
"537",148.133725700617,0.7,1.8,6
"538",149.643532859908,0.8,1.8,6
"539",150.403017096426,0.9,1.8,6
"540",150.492996303951,1,1.8,6
"541",112.699490057311,0.1,2,6
"542",123.848480910597,0.2,2,6
"543",131.907832310578,0.3,2,6
"544",137.958633515804,0.4,2,6
"545",142.513630780088,0.5,2,6
"546",145.874229574126,0.6,2,6
"547",148.239086216275,0.7,2,6
"548",149.748893375565,0.8,2,6
"549",150.508377612084,0.9,2,6
"550",150.598356819609,1,2,6
"551",112.24720871982,0.1,0,6.25
"552",123.637162211495,0.2,0,6.25
"553",131.937671555118,0.3,0,6.25
"554",138.229927948396,0.4,0,6.25
"555",143.026784728141,0.5,0,6.25
"556",146.629764671034,0.6,0,6.25
"557",149.237646414457,0.7,0,6.25
"558",150.991261034443,0.8,0,6.25
"559",151.995488094961,0.9,0,6.25
"560",152.331317460458,1,0,6.25
"561",110.637770807386,0.1,0.2,6.25
"562",122.027724299061,0.2,0.2,6.25
"563",130.328233642684,0.3,0.2,6.25
"564",136.620490035962,0.4,0.2,6.25
"565",141.417346815707,0.5,0.2,6.25
"566",145.0203267586,0.6,0.2,6.25
"567",147.628208502023,0.7,0.2,6.25
"568",149.381823122009,0.8,0.2,6.25
"569",150.386050182527,0.9,0.2,6.25
"570",150.721879548024,1,0.2,6.25
"571",111.330917987946,0.1,0.4,6.25
"572",122.720871479621,0.2,0.4,6.25
"573",131.021380823244,0.3,0.4,6.25
"574",137.313637216522,0.4,0.4,6.25
"575",142.110493996267,0.5,0.4,6.25
"576",145.71347393916,0.6,0.4,6.25
"577",148.321355682583,0.7,0.4,6.25
"578",150.074970302568,0.8,0.4,6.25
"579",151.079197363087,0.9,0.4,6.25
"580",151.415026728584,1,0.4,6.25
"581",111.736383096054,0.1,0.6,6.25
"582",123.126336587729,0.2,0.6,6.25
"583",131.426845931352,0.3,0.6,6.25
"584",137.71910232463,0.4,0.6,6.25
"585",142.515959104375,0.5,0.6,6.25
"586",146.118939047268,0.6,0.6,6.25
"587",148.726820790691,0.7,0.6,6.25
"588",150.480435410677,0.8,0.6,6.25
"589",151.484662471195,0.9,0.6,6.25
"590",151.820491836692,1,0.6,6.25
"591",112.024065168506,0.1,0.8,6.25
"592",123.41401866018,0.2,0.8,6.25
"593",131.714528003804,0.3,0.8,6.25
"594",138.006784397082,0.4,0.8,6.25
"595",142.803641176826,0.5,0.8,6.25
"596",146.40662111972,0.6,0.8,6.25
"597",149.014502863142,0.7,0.8,6.25
"598",150.768117483128,0.8,0.8,6.25
"599",151.772344543647,0.9,0.8,6.25
"600",152.108173909144,1,0.8,6.25
"601",112.24720871982,0.1,1,6.25
"602",123.637162211495,0.2,1,6.25
"603",131.937671555118,0.3,1,6.25
"604",138.229927948396,0.4,1,6.25
"605",143.026784728141,0.5,1,6.25
"606",146.629764671034,0.6,1,6.25
"607",149.237646414457,0.7,1,6.25
"608",150.991261034443,0.8,1,6.25
"609",151.995488094961,0.9,1,6.25
"610",152.331317460458,1,1,6.25
"611",112.429530276614,0.1,1.2,6.25
"612",123.819483768289,0.2,1.2,6.25
"613",132.119993111912,0.3,1.2,6.25
"614",138.41224950519,0.4,1.2,6.25
"615",143.209106284935,0.5,1.2,6.25
"616",146.812086227828,0.6,1.2,6.25
"617",149.419967971251,0.7,1.2,6.25
"618",151.173582591237,0.8,1.2,6.25
"619",152.177809651755,0.9,1.2,6.25
"620",152.513639017252,1,1.2,6.25
"621",112.583680956442,0.1,1.4,6.25
"622",123.973634448116,0.2,1.4,6.25
"623",132.274143791739,0.3,1.4,6.25
"624",138.566400185017,0.4,1.4,6.25
"625",143.363256964762,0.5,1.4,6.25
"626",146.966236907655,0.6,1.4,6.25
"627",149.574118651078,0.7,1.4,6.25
"628",151.327733271064,0.8,1.4,6.25
"629",152.331960331582,0.9,1.4,6.25
"630",152.667789697079,1,1.4,6.25
"631",112.717212349066,0.1,1.6,6.25
"632",124.10716584074,0.2,1.6,6.25
"633",132.407675184364,0.3,1.6,6.25
"634",138.699931577641,0.4,1.6,6.25
"635",143.496788357386,0.5,1.6,6.25
"636",147.09976830028,0.6,1.6,6.25
"637",149.707650043702,0.7,1.6,6.25
"638",151.461264663688,0.8,1.6,6.25
"639",152.465491724207,0.9,1.6,6.25
"640",152.801321089703,1,1.6,6.25
"641",112.834995384723,0.1,1.8,6.25
"642",124.224948876397,0.2,1.8,6.25
"643",132.52545822002,0.3,1.8,6.25
"644",138.817714613298,0.4,1.8,6.25
"645",143.614571393043,0.5,1.8,6.25
"646",147.217551335936,0.6,1.8,6.25
"647",149.825433079359,0.7,1.8,6.25
"648",151.579047699345,0.8,1.8,6.25
"649",152.583274759863,0.9,1.8,6.25
"650",152.91910412536,1,1.8,6.25
"651",112.94035590038,0.1,2,6.25
"652",124.330309392055,0.2,2,6.25
"653",132.630818735678,0.3,2,6.25
"654",138.923075128956,0.4,2,6.25
"655",143.719931908701,0.5,2,6.25
"656",147.322911851594,0.6,2,6.25
"657",149.930793595017,0.7,2,6.25
"658",151.684408215003,0.8,2,6.25
"659",152.688635275521,0.9,2,6.25
"660",153.024464641018,1,2,6.25
"661",112.478625182908,0.1,0,6.5
"662",124.100080951278,0.2,0,6.5
"663",132.632265602356,0.3,0,6.5
"664",139.156460358089,0.4,0,6.5
"665",144.18561279016,0.5,0,6.5
"666",148.021348066308,0.6,0,6.5
"667",150.862551542985,0.7,0,6.5
"668",152.850173818857,0.8,0,6.5
"669",154.089225765629,0.9,0,6.5
"670",154.66084375027,1,0,6.5
"671",110.869187270474,0.1,0.2,6.5
"672",122.490643038844,0.2,0.2,6.5
"673",131.022827689922,0.3,0.2,6.5
"674",137.547022445655,0.4,0.2,6.5
"675",142.576174877726,0.5,0.2,6.5
"676",146.411910153874,0.6,0.2,6.5
"677",149.253113630551,0.7,0.2,6.5
"678",151.240735906423,0.8,0.2,6.5
"679",152.479787853195,0.9,0.2,6.5
"680",153.051405837836,1,0.2,6.5
"681",111.562334451034,0.1,0.4,6.5
"682",123.183790219403,0.2,0.4,6.5
"683",131.715974870482,0.3,0.4,6.5
"684",138.240169626215,0.4,0.4,6.5
"685",143.269322058286,0.5,0.4,6.5
"686",147.105057334434,0.6,0.4,6.5
"687",149.946260811111,0.7,0.4,6.5
"688",151.933883086983,0.8,0.4,6.5
"689",153.172935033755,0.9,0.4,6.5
"690",153.744553018396,1,0.4,6.5
"691",111.967799559142,0.1,0.6,6.5
"692",123.589255327512,0.2,0.6,6.5
"693",132.12143997859,0.3,0.6,6.5
"694",138.645634734323,0.4,0.6,6.5
"695",143.674787166394,0.5,0.6,6.5
"696",147.510522442542,0.6,0.6,6.5
"697",150.351725919219,0.7,0.6,6.5
"698",152.339348195091,0.8,0.6,6.5
"699",153.578400141863,0.9,0.6,6.5
"700",154.150018126504,1,0.6,6.5
"701",112.255481631594,0.1,0.8,6.5
"702",123.876937399963,0.2,0.8,6.5
"703",132.409122051042,0.3,0.8,6.5
"704",138.933316806775,0.4,0.8,6.5
"705",143.962469238846,0.5,0.8,6.5
"706",147.798204514994,0.6,0.8,6.5
"707",150.639407991671,0.7,0.8,6.5
"708",152.627030267543,0.8,0.8,6.5
"709",153.866082214315,0.9,0.8,6.5
"710",154.437700198956,1,0.8,6.5
"711",112.478625182908,0.1,1,6.5
"712",124.100080951278,0.2,1,6.5
"713",132.632265602356,0.3,1,6.5
"714",139.156460358089,0.4,1,6.5
"715",144.18561279016,0.5,1,6.5
"716",148.021348066308,0.6,1,6.5
"717",150.862551542985,0.7,1,6.5
"718",152.850173818857,0.8,1,6.5
"719",154.089225765629,0.9,1,6.5
"720",154.66084375027,1,1,6.5
"721",112.660946739702,0.1,1.2,6.5
"722",124.282402508072,0.2,1.2,6.5
"723",132.81458715915,0.3,1.2,6.5
"724",139.338781914883,0.4,1.2,6.5
"725",144.367934346954,0.5,1.2,6.5
"726",148.203669623102,0.6,1.2,6.5
"727",151.044873099779,0.7,1.2,6.5
"728",153.032495375651,0.8,1.2,6.5
"729",154.271547322423,0.9,1.2,6.5
"730",154.843165307064,1,1.2,6.5
"731",112.815097419529,0.1,1.4,6.5
"732",124.436553187899,0.2,1.4,6.5
"733",132.968737838977,0.3,1.4,6.5
"734",139.49293259471,0.4,1.4,6.5
"735",144.522085026781,0.5,1.4,6.5
"736",148.357820302929,0.6,1.4,6.5
"737",151.199023779606,0.7,1.4,6.5
"738",153.186646055479,0.8,1.4,6.5
"739",154.42569800225,0.9,1.4,6.5
"740",154.997315986891,1,1.4,6.5
"741",112.948628812154,0.1,1.6,6.5
"742",124.570084580523,0.2,1.6,6.5
"743",133.102269231602,0.3,1.6,6.5
"744",139.626463987335,0.4,1.6,6.5
"745",144.655616419406,0.5,1.6,6.5
"746",148.491351695554,0.6,1.6,6.5
"747",151.332555172231,0.7,1.6,6.5
"748",153.320177448103,0.8,1.6,6.5
"749",154.559229394874,0.9,1.6,6.5
"750",155.130847379516,1,1.6,6.5
"751",113.06641184781,0.1,1.8,6.5
"752",124.68786761618,0.2,1.8,6.5
"753",133.220052267258,0.3,1.8,6.5
"754",139.744247022991,0.4,1.8,6.5
"755",144.773399455062,0.5,1.8,6.5
"756",148.60913473121,0.6,1.8,6.5
"757",151.450338207887,0.7,1.8,6.5
"758",153.437960483759,0.8,1.8,6.5
"759",154.677012430531,0.9,1.8,6.5
"760",155.248630415172,1,1.8,6.5
"761",113.171772363468,0.1,2,6.5
"762",124.793228131838,0.2,2,6.5
"763",133.325412782916,0.3,2,6.5
"764",139.849607538649,0.4,2,6.5
"765",144.87875997072,0.5,2,6.5
"766",148.714495246868,0.6,2,6.5
"767",151.555698723545,0.7,2,6.5
"768",153.543320999417,0.8,2,6.5
"769",154.782372946189,0.9,2,6.5
"770",155.35399093083,1,2,6.5
"771",112.701305818299,0.1,0,6.75
"772",124.545518655373,0.2,0,6.75
"773",133.300614399591,0.3,0,6.75
"774",140.047954179627,0.4,0,6.75
"775",145.300568947316,0.5,0,6.75
"776",149.360173823198,0.6,0,6.75
"777",152.425747851324,0.7,0,6.75
"778",154.638345611728,0.8,0,6.75
"779",156.103091559269,0.9,0,6.75
"780",156.901247935844,1,0,6.75
"781",111.091867905865,0.1,0.2,6.75
"782",122.936080742939,0.2,0.2,6.75
"783",131.691176487156,0.3,0.2,6.75
"784",138.438516267193,0.4,0.2,6.75
"785",143.691131034882,0.5,0.2,6.75
"786",147.750735910764,0.6,0.2,6.75
"787",150.81630993889,0.7,0.2,6.75
"788",153.028907699294,0.8,0.2,6.75
"789",154.493653646835,0.9,0.2,6.75
"790",155.29181002341,1,0.2,6.75
"791",111.785015086425,0.1,0.4,6.75
"792",123.629227923499,0.2,0.4,6.75
"793",132.384323667716,0.3,0.4,6.75
"794",139.131663447753,0.4,0.4,6.75
"795",144.384278215442,0.5,0.4,6.75
"796",148.443883091324,0.6,0.4,6.75
"797",151.50945711945,0.7,0.4,6.75
"798",153.722054879854,0.8,0.4,6.75
"799",155.186800827395,0.9,0.4,6.75
"800",155.98495720397,1,0.4,6.75
"801",112.190480194533,0.1,0.6,6.75
"802",124.034693031607,0.2,0.6,6.75
"803",132.789788775825,0.3,0.6,6.75
"804",139.537128555861,0.4,0.6,6.75
"805",144.78974332355,0.5,0.6,6.75
"806",148.849348199432,0.6,0.6,6.75
"807",151.914922227558,0.7,0.6,6.75
"808",154.127519987962,0.8,0.6,6.75
"809",155.592265935503,0.9,0.6,6.75
"810",156.390422312078,1,0.6,6.75
"811",112.478162266985,0.1,0.8,6.75
"812",124.322375104059,0.2,0.8,6.75
"813",133.077470848276,0.3,0.8,6.75
"814",139.824810628312,0.4,0.8,6.75
"815",145.077425396002,0.5,0.8,6.75
"816",149.137030271884,0.6,0.8,6.75
"817",152.20260430001,0.7,0.8,6.75
"818",154.415202060414,0.8,0.8,6.75
"819",155.879948007954,0.9,0.8,6.75
"820",156.67810438453,1,0.8,6.75
"821",112.701305818299,0.1,1,6.75
"822",124.545518655373,0.2,1,6.75
"823",133.300614399591,0.3,1,6.75
"824",140.047954179627,0.4,1,6.75
"825",145.300568947316,0.5,1,6.75
"826",149.360173823198,0.6,1,6.75
"827",152.425747851324,0.7,1,6.75
"828",154.638345611728,0.8,1,6.75
"829",156.103091559269,0.9,1,6.75
"830",156.901247935844,1,1,6.75
"831",112.883627375093,0.1,1.2,6.75
"832",124.727840212167,0.2,1.2,6.75
"833",133.482935956384,0.3,1.2,6.75
"834",140.230275736421,0.4,1.2,6.75
"835",145.48289050411,0.5,1.2,6.75
"836",149.542495379992,0.6,1.2,6.75
"837",152.608069408118,0.7,1.2,6.75
"838",154.820667168522,0.8,1.2,6.75
"839",156.285413116063,0.9,1.2,6.75
"840",157.083569492638,1,1.2,6.75
"841",113.03777805492,0.1,1.4,6.75
"842",124.881990891995,0.2,1.4,6.75
"843",133.637086636212,0.3,1.4,6.75
"844",140.384426416248,0.4,1.4,6.75
"845",145.637041183937,0.5,1.4,6.75
"846",149.696646059819,0.6,1.4,6.75
"847",152.762220087946,0.7,1.4,6.75
"848",154.974817848349,0.8,1.4,6.75
"849",156.43956379589,0.9,1.4,6.75
"850",157.237720172466,1,1.4,6.75
"851",113.171309447545,0.1,1.6,6.75
"852",125.015522284619,0.2,1.6,6.75
"853",133.770618028836,0.3,1.6,6.75
"854",140.517957808872,0.4,1.6,6.75
"855",145.770572576561,0.5,1.6,6.75
"856",149.830177452444,0.6,1.6,6.75
"857",152.89575148057,0.7,1.6,6.75
"858",155.108349240974,0.8,1.6,6.75
"859",156.573095188514,0.9,1.6,6.75
"860",157.37125156509,1,1.6,6.75
"861",113.289092483201,0.1,1.8,6.75
"862",125.133305320276,0.2,1.8,6.75
"863",133.888401064493,0.3,1.8,6.75
"864",140.635740844529,0.4,1.8,6.75
"865",145.888355612218,0.5,1.8,6.75
"866",149.9479604881,0.6,1.8,6.75
"867",153.013534516227,0.7,1.8,6.75
"868",155.22613227663,0.8,1.8,6.75
"869",156.690878224171,0.9,1.8,6.75
"870",157.489034600747,1,1.8,6.75
"871",113.394452998859,0.1,2,6.75
"872",125.238665835933,0.2,2,6.75
"873",133.99376158015,0.3,2,6.75
"874",140.741101360187,0.4,2,6.75
"875",145.993716127876,0.5,2,6.75
"876",150.053321003758,0.6,2,6.75
"877",153.118895031884,0.7,2,6.75
"878",155.331492792288,0.8,2,6.75
"879",156.796238739829,0.9,2,6.75
"880",157.594395116404,1,2,6.75
"881",112.915886282288,0.1,0,7
"882",124.974747956028,0.2,0,7
"883",133.944630244197,0.3,0,7
"884",140.906965533957,0.4,0,7
"885",146.374858921436,0.5,0,7
"886",150.650111158738,0.6,0,7
"887",153.931765579011,0.7,0,7
"888",156.360986256101,0.8,0,7
"889",158.042990459686,0.9,0,7
"890",159.059149420717,1,0,7
"891",111.306448369854,0.1,0.2,7
"892",123.365310043594,0.2,0.2,7
"893",132.335192331763,0.3,0.2,7
"894",139.297527621523,0.4,0.2,7
"895",144.765421009002,0.5,0.2,7
"896",149.040673246304,0.6,0.2,7
"897",152.322327666576,0.7,0.2,7
"898",154.751548343666,0.8,0.2,7
"899",156.433552547252,0.9,0.2,7
"900",157.449711508283,1,0.2,7
"901",111.999595550414,0.1,0.4,7
"902",124.058457224154,0.2,0.4,7
"903",133.028339512323,0.3,0.4,7
"904",139.990674802083,0.4,0.4,7
"905",145.458568189562,0.5,0.4,7
"906",149.733820426864,0.6,0.4,7
"907",153.015474847136,0.7,0.4,7
"908",155.444695524226,0.8,0.4,7
"909",157.126699727812,0.9,0.4,7
"910",158.142858688843,1,0.4,7
"911",112.405060658522,0.1,0.6,7
"912",124.463922332262,0.2,0.6,7
"913",133.433804620431,0.3,0.6,7
"914",140.396139910191,0.4,0.6,7
"915",145.86403329767,0.5,0.6,7
"916",150.139285534972,0.6,0.6,7
"917",153.420939955245,0.7,0.6,7
"918",155.850160632335,0.8,0.6,7
"919",157.53216483592,0.9,0.6,7
"920",158.548323796951,1,0.6,7
"921",112.692742730974,0.1,0.8,7
"922",124.751604404713,0.2,0.8,7
"923",133.721486692882,0.3,0.8,7
"924",140.683821982643,0.4,0.8,7
"925",146.151715370122,0.5,0.8,7
"926",150.426967607424,0.6,0.8,7
"927",153.708622027696,0.7,0.8,7
"928",156.137842704786,0.8,0.8,7
"929",157.819846908372,0.9,0.8,7
"930",158.836005869403,1,0.8,7
"931",112.915886282288,0.1,1,7
"932",124.974747956028,0.2,1,7
"933",133.944630244197,0.3,1,7
"934",140.906965533957,0.4,1,7
"935",146.374858921436,0.5,1,7
"936",150.650111158738,0.6,1,7
"937",153.931765579011,0.7,1,7
"938",156.360986256101,0.8,1,7
"939",158.042990459686,0.9,1,7
"940",159.059149420717,1,1,7
"941",113.098207839082,0.1,1.2,7
"942",125.157069512822,0.2,1.2,7
"943",134.126951800991,0.3,1.2,7
"944",141.089287090751,0.4,1.2,7
"945",146.55718047823,0.5,1.2,7
"946",150.832432715532,0.6,1.2,7
"947",154.114087135805,0.7,1.2,7
"948",156.543307812895,0.8,1.2,7
"949",158.22531201648,0.9,1.2,7
"950",159.241470977511,1,1.2,7
"951",113.25235851891,0.1,1.4,7
"952",125.311220192649,0.2,1.4,7
"953",134.281102480818,0.3,1.4,7
"954",141.243437770578,0.4,1.4,7
"955",146.711331158057,0.5,1.4,7
"956",150.986583395359,0.6,1.4,7
"957",154.268237815632,0.7,1.4,7
"958",156.697458492722,0.8,1.4,7
"959",158.379462696307,0.9,1.4,7
"960",159.395621657339,1,1.4,7
"961",113.385889911534,0.1,1.6,7
"962",125.444751585273,0.2,1.6,7
"963",134.414633873442,0.3,1.6,7
"964",141.376969163202,0.4,1.6,7
"965",146.844862550682,0.5,1.6,7
"966",151.120114787983,0.6,1.6,7
"967",154.401769208256,0.7,1.6,7
"968",156.830989885346,0.8,1.6,7
"969",158.512994088932,0.9,1.6,7
"970",159.529153049963,1,1.6,7
"971",113.503672947191,0.1,1.8,7
"972",125.56253462093,0.2,1.8,7
"973",134.532416909099,0.3,1.8,7
"974",141.494752198859,0.4,1.8,7
"975",146.962645586338,0.5,1.8,7
"976",151.23789782364,0.6,1.8,7
"977",154.519552243913,0.7,1.8,7
"978",156.948772921003,0.8,1.8,7
"979",158.630777124588,0.9,1.8,7
"980",159.64693608562,1,1.8,7
"981",113.609033462848,0.1,2,7
"982",125.667895136588,0.2,2,7
"983",134.637777424757,0.3,2,7
"984",141.600112714517,0.4,2,7
"985",147.068006101996,0.5,2,7
"986",151.343258339298,0.6,2,7
"987",154.624912759571,0.7,2,7
"988",157.054133436661,0.8,2,7
"989",158.736137640246,0.9,2,7
"990",159.752296601277,1,2,7
"991",113.122935276928,0.1,0,7.25
"992",125.388907352725,0.2,0,7.25
"993",134.566023662311,0.3,0,7.25
"994",141.73578041382,0.4,0,7.25
"995",147.411348937913,0.5,0,7.25
"996",151.894599439298,0.6,0,7.25
"997",155.384652156851,0.7,0,7.25
"998",158.022747910982,0.8,0,7.25
"999",159.914191913184,0.9,0,7.25
"1000",161.140450425797,1,0,7.25
"1001",111.513497364493,0.1,0.2,7.25
"1002",123.779469440291,0.2,0.2,7.25
"1003",132.956585749877,0.3,0.2,7.25
"1004",140.126342501386,0.4,0.2,7.25
"1005",145.801911025479,0.5,0.2,7.25
"1006",150.285161526864,0.6,0.2,7.25
"1007",153.775214244417,0.7,0.2,7.25
"1008",156.413309998548,0.8,0.2,7.25
"1009",158.30475400075,0.9,0.2,7.25
"1010",159.531012513363,1,0.2,7.25
"1011",112.206644545053,0.1,0.4,7.25
"1012",124.472616620851,0.2,0.4,7.25
"1013",133.649732930437,0.3,0.4,7.25
"1014",140.819489681946,0.4,0.4,7.25
"1015",146.495058206039,0.5,0.4,7.25
"1016",150.978308707424,0.6,0.4,7.25
"1017",154.468361424977,0.7,0.4,7.25
"1018",157.106457179108,0.8,0.4,7.25
"1019",158.99790118131,0.9,0.4,7.25
"1020",160.224159693922,1,0.4,7.25
"1021",112.612109653162,0.1,0.6,7.25
"1022",124.878081728959,0.2,0.6,7.25
"1023",134.055198038545,0.3,0.6,7.25
"1024",141.224954790054,0.4,0.6,7.25
"1025",146.900523314147,0.5,0.6,7.25
"1026",151.383773815532,0.6,0.6,7.25
"1027",154.873826533085,0.7,0.6,7.25
"1028",157.511922287216,0.8,0.6,7.25
"1029",159.403366289418,0.9,0.6,7.25
"1030",160.629624802031,1,0.6,7.25
"1031",112.899791725613,0.1,0.8,7.25
"1032",125.165763801411,0.2,0.8,7.25
"1033",134.342880110997,0.3,0.8,7.25
"1034",141.512636862506,0.4,0.8,7.25
"1035",147.188205386599,0.5,0.8,7.25
"1036",151.671455887984,0.6,0.8,7.25
"1037",155.161508605537,0.7,0.8,7.25
"1038",157.799604359668,0.8,0.8,7.25
"1039",159.69104836187,0.9,0.8,7.25
"1040",160.917306874482,1,0.8,7.25
"1041",113.122935276928,0.1,1,7.25
"1042",125.388907352725,0.2,1,7.25
"1043",134.566023662311,0.3,1,7.25
"1044",141.73578041382,0.4,1,7.25
"1045",147.411348937913,0.5,1,7.25
"1046",151.894599439298,0.6,1,7.25
"1047",155.384652156851,0.7,1,7.25
"1048",158.022747910982,0.8,1,7.25
"1049",159.914191913184,0.9,1,7.25
"1050",161.140450425797,1,1,7.25
"1051",113.305256833721,0.1,1.2,7.25
"1052",125.571228909519,0.2,1.2,7.25
"1053",134.748345219105,0.3,1.2,7.25
"1054",141.918101970614,0.4,1.2,7.25
"1055",147.593670494707,0.5,1.2,7.25
"1056",152.076920996092,0.6,1.2,7.25
"1057",155.566973713645,0.7,1.2,7.25
"1058",158.205069467776,0.8,1.2,7.25
"1059",160.096513469978,0.9,1.2,7.25
"1060",161.322771982591,1,1.2,7.25
"1061",113.459407513549,0.1,1.4,7.25
"1062",125.725379589347,0.2,1.4,7.25
"1063",134.902495898932,0.3,1.4,7.25
"1064",142.072252650441,0.4,1.4,7.25
"1065",147.747821174534,0.5,1.4,7.25
"1066",152.231071675919,0.6,1.4,7.25
"1067",155.721124393472,0.7,1.4,7.25
"1068",158.359220147604,0.8,1.4,7.25
"1069",160.250664149805,0.9,1.4,7.25
"1070",161.476922662418,1,1.4,7.25
"1071",113.592938906173,0.1,1.6,7.25
"1072",125.858910981971,0.2,1.6,7.25
"1073",135.036027291557,0.3,1.6,7.25
"1074",142.205784043066,0.4,1.6,7.25
"1075",147.881352567159,0.5,1.6,7.25
"1076",152.364603068544,0.6,1.6,7.25
"1077",155.854655786097,0.7,1.6,7.25
"1078",158.492751540228,0.8,1.6,7.25
"1079",160.38419554243,0.9,1.6,7.25
"1080",161.610454055042,1,1.6,7.25
"1081",113.71072194183,0.1,1.8,7.25
"1082",125.976694017628,0.2,1.8,7.25
"1083",135.153810327213,0.3,1.8,7.25
"1084",142.323567078722,0.4,1.8,7.25
"1085",147.999135602815,0.5,1.8,7.25
"1086",152.4823861042,0.6,1.8,7.25
"1087",155.972438821753,0.7,1.8,7.25
"1088",158.610534575885,0.8,1.8,7.25
"1089",160.501978578086,0.9,1.8,7.25
"1090",161.728237090699,1,1.8,7.25
"1091",113.816082457487,0.1,2,7.25
"1092",126.082054533285,0.2,2,7.25
"1093",135.259170842871,0.3,2,7.25
"1094",142.42892759438,0.4,2,7.25
"1095",148.104496118473,0.5,2,7.25
"1096",152.587746619858,0.6,2,7.25
"1097",156.077799337411,0.7,2,7.25
"1098",158.715895091542,0.8,2,7.25
"1099",160.607339093744,0.9,2,7.25
"1100",161.833597606357,1,2,7.25
"1101",113.322963635501,0.1,0,7.5
"1102",125.789019427396,0.2,0,7.5
"1103",135.166330845155,0.3,0,7.5
"1104",142.536451485518,0.4,0,7.5
"1105",148.41261209883,0.5,0,7.5
"1106",153.096745017589,0.6,0,7.5
"1107",156.788038687846,0.7,0,7.5
"1108",159.627802283252,0.8,0,7.5
"1109",161.72141847725,0.9,0,7.5
"1110",163.150436923532,1,0,7.5
"1111",111.713525723066,0.1,0.2,7.5
"1112",124.179581514962,0.2,0.2,7.5
"1113",133.556892932721,0.3,0.2,7.5
"1114",140.927013573084,0.4,0.2,7.5
"1115",146.803174186396,0.5,0.2,7.5
"1116",151.487307105155,0.6,0.2,7.5
"1117",155.178600775412,0.7,0.2,7.5
"1118",158.018364370818,0.8,0.2,7.5
"1119",160.111980564816,0.9,0.2,7.5
"1120",161.540999011098,1,0.2,7.5
"1121",112.406672903626,0.1,0.4,7.5
"1122",124.872728695522,0.2,0.4,7.5
"1123",134.250040113281,0.3,0.4,7.5
"1124",141.620160753644,0.4,0.4,7.5
"1125",147.496321366956,0.5,0.4,7.5
"1126",152.180454285715,0.6,0.4,7.5
"1127",155.871747955972,0.7,0.4,7.5
"1128",158.711511551378,0.8,0.4,7.5
"1129",160.805127745376,0.9,0.4,7.5
"1130",162.234146191658,1,0.4,7.5
"1131",112.812138011735,0.1,0.6,7.5
"1132",125.27819380363,0.2,0.6,7.5
"1133",134.655505221389,0.3,0.6,7.5
"1134",142.025625861752,0.4,0.6,7.5
"1135",147.901786475064,0.5,0.6,7.5
"1136",152.585919393823,0.6,0.6,7.5
"1137",156.27721306408,0.7,0.6,7.5
"1138",159.116976659486,0.8,0.6,7.5
"1139",161.210592853484,0.9,0.6,7.5
"1140",162.639611299766,1,0.6,7.5
"1141",113.099820084186,0.1,0.8,7.5
"1142",125.565875876082,0.2,0.8,7.5
"1143",134.943187293841,0.3,0.8,7.5
"1144",142.313307934204,0.4,0.8,7.5
"1145",148.189468547516,0.5,0.8,7.5
"1146",152.873601466275,0.6,0.8,7.5
"1147",156.564895136532,0.7,0.8,7.5
"1148",159.404658731938,0.8,0.8,7.5
"1149",161.498274925936,0.9,0.8,7.5
"1150",162.927293372218,1,0.8,7.5
"1151",113.322963635501,0.1,1,7.5
"1152",125.789019427396,0.2,1,7.5
"1153",135.166330845155,0.3,1,7.5
"1154",142.536451485518,0.4,1,7.5
"1155",148.41261209883,0.5,1,7.5
"1156",153.096745017589,0.6,1,7.5
"1157",156.788038687846,0.7,1,7.5
"1158",159.627802283252,0.8,1,7.5
"1159",161.72141847725,0.9,1,7.5
"1160",163.150436923532,1,1,7.5
"1161",113.505285192295,0.1,1.2,7.5
"1162",125.97134098419,0.2,1.2,7.5
"1163",135.348652401949,0.3,1.2,7.5
"1164",142.718773042312,0.4,1.2,7.5
"1165",148.594933655624,0.5,1.2,7.5
"1166",153.279066574383,0.6,1.2,7.5
"1167",156.97036024464,0.7,1.2,7.5
"1168",159.810123840046,0.8,1.2,7.5
"1169",161.903740034044,0.9,1.2,7.5
"1170",163.332758480326,1,1.2,7.5
"1171",113.659435872122,0.1,1.4,7.5
"1172",126.125491664017,0.2,1.4,7.5
"1173",135.502803081776,0.3,1.4,7.5
"1174",142.872923722139,0.4,1.4,7.5
"1175",148.749084335451,0.5,1.4,7.5
"1176",153.43321725421,0.6,1.4,7.5
"1177",157.124510924467,0.7,1.4,7.5
"1178",159.964274519873,0.8,1.4,7.5
"1179",162.057890713871,0.9,1.4,7.5
"1180",163.486909160153,1,1.4,7.5
"1181",113.792967264746,0.1,1.6,7.5
"1182",126.259023056642,0.2,1.6,7.5
"1183",135.636334474401,0.3,1.6,7.5
"1184",143.006455114764,0.4,1.6,7.5
"1185",148.882615728076,0.5,1.6,7.5
"1186",153.566748646835,0.6,1.6,7.5
"1187",157.258042317092,0.7,1.6,7.5
"1188",160.097805912498,0.8,1.6,7.5
"1189",162.191422106496,0.9,1.6,7.5
"1190",163.620440552778,1,1.6,7.5
"1191",113.910750300403,0.1,1.8,7.5
"1192",126.376806092298,0.2,1.8,7.5
"1193",135.754117510057,0.3,1.8,7.5
"1194",143.12423815042,0.4,1.8,7.5
"1195",149.000398763732,0.5,1.8,7.5
"1196",153.684531682491,0.6,1.8,7.5
"1197",157.375825352748,0.7,1.8,7.5
"1198",160.215588948154,0.8,1.8,7.5
"1199",162.309205142152,0.9,1.8,7.5
"1200",163.738223588434,1,1.8,7.5
"1201",114.016110816061,0.1,2,7.5
"1202",126.482166607956,0.2,2,7.5
"1203",135.859478025715,0.3,2,7.5
"1204",143.229598666078,0.4,2,7.5
"1205",149.10575927939,0.5,2,7.5
"1206",153.789892198149,0.6,2,7.5
"1207",157.481185868406,0.7,2,7.5
"1208",160.320949463812,0.8,2,7.5
"1209",162.41456565781,0.9,2,7.5
"1210",163.843584104092,1,2,7.5
"1211",113.516431917281,0.1,0,7.75
"1212",126.17600606831,0.2,0,7.75
"1213",135.746936572939,0.3,0,7.75
"1214",143.310828824348,0.4,0,7.75
"1215",149.380967088407,0.5,0,7.75
"1216",154.259339505256,0.6,0,7.75
"1217",158.145195326864,0.7,0,7.75
"1218",161.179904870461,0.8,0,7.75
"1219",163.468919423781,0.9,0,7.75
"1220",165.093862245341,1,0,7.75
"1221",111.906994004847,0.1,0.2,7.75
"1222",124.566568155876,0.2,0.2,7.75
"1223",134.137498660505,0.3,0.2,7.75
"1224",141.701390911914,0.4,0.2,7.75
"1225",147.771529175973,0.5,0.2,7.75
"1226",152.649901592822,0.6,0.2,7.75
"1227",156.53575741443,0.7,0.2,7.75
"1228",159.570466958027,0.8,0.2,7.75
"1229",161.859481511347,0.9,0.2,7.75
"1230",163.484424332907,1,0.2,7.75
"1231",112.600141185407,0.1,0.4,7.75
"1232",125.259715336436,0.2,0.4,7.75
"1233",134.830645841065,0.3,0.4,7.75
"1234",142.394538092474,0.4,0.4,7.75
"1235",148.464676356533,0.5,0.4,7.75
"1236",153.343048773382,0.6,0.4,7.75
"1237",157.22890459499,0.7,0.4,7.75
"1238",160.263614138587,0.8,0.4,7.75
"1239",162.552628691907,0.9,0.4,7.75
"1240",164.177571513467,1,0.4,7.75
"1241",113.005606293515,0.1,0.6,7.75
"1242",125.665180444544,0.2,0.6,7.75
"1243",135.236110949173,0.3,0.6,7.75
"1244",142.800003200582,0.4,0.6,7.75
"1245",148.870141464641,0.5,0.6,7.75
"1246",153.74851388149,0.6,0.6,7.75
"1247",157.634369703098,0.7,0.6,7.75
"1248",160.669079246695,0.8,0.6,7.75
"1249",162.958093800015,0.9,0.6,7.75
"1250",164.583036621575,1,0.6,7.75
"1251",113.293288365967,0.1,0.8,7.75
"1252",125.952862516996,0.2,0.8,7.75
"1253",135.523793021625,0.3,0.8,7.75
"1254",143.087685273034,0.4,0.8,7.75
"1255",149.157823537093,0.5,0.8,7.75
"1256",154.036195953942,0.6,0.8,7.75
"1257",157.92205177555,0.7,0.8,7.75
"1258",160.956761319147,0.8,0.8,7.75
"1259",163.245775872467,0.9,0.8,7.75
"1260",164.870718694027,1,0.8,7.75
"1261",113.516431917281,0.1,1,7.75
"1262",126.17600606831,0.2,1,7.75
"1263",135.746936572939,0.3,1,7.75
"1264",143.310828824348,0.4,1,7.75
"1265",149.380967088407,0.5,1,7.75
"1266",154.259339505256,0.6,1,7.75
"1267",158.145195326864,0.7,1,7.75
"1268",161.179904870461,0.8,1,7.75
"1269",163.468919423781,0.9,1,7.75
"1270",165.093862245341,1,1,7.75
"1271",113.698753474075,0.1,1.2,7.75
"1272",126.358327625104,0.2,1.2,7.75
"1273",135.929258129733,0.3,1.2,7.75
"1274",143.493150381142,0.4,1.2,7.75
"1275",149.563288645201,0.5,1.2,7.75
"1276",154.44166106205,0.6,1.2,7.75
"1277",158.327516883658,0.7,1.2,7.75
"1278",161.362226427255,0.8,1.2,7.75
"1279",163.651240980575,0.9,1.2,7.75
"1280",165.276183802135,1,1.2,7.75
"1281",113.852904153902,0.1,1.4,7.75
"1282",126.512478304932,0.2,1.4,7.75
"1283",136.08340880956,0.3,1.4,7.75
"1284",143.647301060969,0.4,1.4,7.75
"1285",149.717439325028,0.5,1.4,7.75
"1286",154.595811741877,0.6,1.4,7.75
"1287",158.481667563485,0.7,1.4,7.75
"1288",161.516377107082,0.8,1.4,7.75
"1289",163.805391660402,0.9,1.4,7.75
"1290",165.430334481962,1,1.4,7.75
"1291",113.986435546527,0.1,1.6,7.75
"1292",126.646009697556,0.2,1.6,7.75
"1293",136.216940202185,0.3,1.6,7.75
"1294",143.780832453594,0.4,1.6,7.75
"1295",149.850970717653,0.5,1.6,7.75
"1296",154.729343134502,0.6,1.6,7.75
"1297",158.615198956109,0.7,1.6,7.75
"1298",161.649908499707,0.8,1.6,7.75
"1299",163.938923053026,0.9,1.6,7.75
"1300",165.563865874587,1,1.6,7.75
"1301",114.104218582183,0.1,1.8,7.75
"1302",126.763792733213,0.2,1.8,7.75
"1303",136.334723237841,0.3,1.8,7.75
"1304",143.89861548925,0.4,1.8,7.75
"1305",149.968753753309,0.5,1.8,7.75
"1306",154.847126170158,0.6,1.8,7.75
"1307",158.732981991766,0.7,1.8,7.75
"1308",161.767691535363,0.8,1.8,7.75
"1309",164.056706088683,0.9,1.8,7.75
"1310",165.681648910243,1,1.8,7.75
"1311",114.209579097841,0.1,2,7.75
"1312",126.86915324887,0.2,2,7.75
"1313",136.440083753499,0.3,2,7.75
"1314",144.003976004908,0.4,2,7.75
"1315",150.074114268967,0.5,2,7.75
"1316",154.952486685816,0.6,2,7.75
"1317",158.838342507424,0.7,2,7.75
"1318",161.873052051021,0.8,2,7.75
"1319",164.162066604341,0.9,2,7.75
"1320",165.787009425901,1,2,7.75
"1321",113.703756795787,0.1,0,8
"1322",126.55070127355,0.2,0,8
"1323",136.30909348899,0.3,0,8
"1324",144.060585746392,0.4,0,8
"1325",150.318510685605,0.5,0,8
"1326",155.38490677125,0.6,0,8
"1327",159.459085828742,0.7,0,8
"1328",162.682448764455,0.8,0,8
"1329",165.160532283424,0.9,0,8
"1330",166.975016849917,1,0,8
"1331",112.094318883353,0.1,0.2,8
"1332",124.941263361115,0.2,0.2,8
"1333",134.699655576556,0.3,0.2,8
"1334",142.451147833958,0.4,0.2,8
"1335",148.709072773171,0.5,0.2,8
"1336",153.775468858816,0.6,0.2,8
"1337",157.849647916308,0.7,0.2,8
"1338",161.073010852021,0.8,0.2,8
"1339",163.55109437099,0.9,0.2,8
"1340",165.365578937483,1,0.2,8
"1341",112.787466063913,0.1,0.4,8
"1342",125.634410541675,0.2,0.4,8
"1343",135.392802757116,0.3,0.4,8
"1344",143.144295014518,0.4,0.4,8
"1345",149.40221995373,0.5,0.4,8
"1346",154.468616039376,0.6,0.4,8
"1347",158.542795096868,0.7,0.4,8
"1348",161.766158032581,0.8,0.4,8
"1349",164.24424155155,0.9,0.4,8
"1350",166.058726118043,1,0.4,8
"1351",113.192931172021,0.1,0.6,8
"1352",126.039875649784,0.2,0.6,8
"1353",135.798267865224,0.3,0.6,8
"1354",143.549760122626,0.4,0.6,8
"1355",149.807685061839,0.5,0.6,8
"1356",154.874081147484,0.6,0.6,8
"1357",158.948260204976,0.7,0.6,8
"1358",162.171623140689,0.8,0.6,8
"1359",164.649706659658,0.9,0.6,8
"1360",166.464191226151,1,0.6,8
"1361",113.480613244473,0.1,0.8,8
"1362",126.327557722235,0.2,0.8,8
"1363",136.085949937676,0.3,0.8,8
"1364",143.837442195078,0.4,0.8,8
"1365",150.09536713429,0.5,0.8,8
"1366",155.161763219935,0.6,0.8,8
"1367",159.235942277428,0.7,0.8,8
"1368",162.459305213141,0.8,0.8,8
"1369",164.93738873211,0.9,0.8,8
"1370",166.751873298603,1,0.8,8
"1371",113.703756795787,0.1,1,8
"1372",126.55070127355,0.2,1,8
"1373",136.30909348899,0.3,1,8
"1374",144.060585746392,0.4,1,8
"1375",150.318510685605,0.5,1,8
"1376",155.38490677125,0.6,1,8
"1377",159.459085828742,0.7,1,8
"1378",162.682448764455,0.8,1,8
"1379",165.160532283424,0.9,1,8
"1380",166.975016849917,1,1,8
"1381",113.886078352581,0.1,1.2,8
"1382",126.733022830343,0.2,1.2,8
"1383",136.491415045784,0.3,1.2,8
"1384",144.242907303186,0.4,1.2,8
"1385",150.500832242399,0.5,1.2,8
"1386",155.567228328044,0.6,1.2,8
"1387",159.641407385536,0.7,1.2,8
"1388",162.864770321249,0.8,1.2,8
"1389",165.342853840218,0.9,1.2,8
"1390",167.157338406711,1,1.2,8
"1391",114.040229032408,0.1,1.4,8
"1392",126.887173510171,0.2,1.4,8
"1393",136.645565725611,0.3,1.4,8
"1394",144.397057983013,0.4,1.4,8
"1395",150.654982922226,0.5,1.4,8
"1396",155.721379007871,0.6,1.4,8
"1397",159.795558065363,0.7,1.4,8
"1398",163.018921001076,0.8,1.4,8
"1399",165.497004520045,0.9,1.4,8
"1400",167.311489086538,1,1.4,8
"1401",114.173760425033,0.1,1.6,8
"1402",127.020704902795,0.2,1.6,8
"1403",136.779097118235,0.3,1.6,8
"1404",144.530589375637,0.4,1.6,8
"1405",150.78851431485,0.5,1.6,8
"1406",155.854910400495,0.6,1.6,8
"1407",159.929089457987,0.7,1.6,8
"1408",163.152452393701,0.8,1.6,8
"1409",165.63053591267,0.9,1.6,8
"1410",167.445020479163,1,1.6,8
"1411",114.291543460689,0.1,1.8,8
"1412",127.138487938452,0.2,1.8,8
"1413",136.896880153892,0.3,1.8,8
"1414",144.648372411294,0.4,1.8,8
"1415",150.906297350507,0.5,1.8,8
"1416",155.972693436152,0.6,1.8,8
"1417",160.046872493644,0.7,1.8,8
"1418",163.270235429357,0.8,1.8,8
"1419",165.748318948326,0.9,1.8,8
"1420",167.562803514819,1,1.8,8
"1421",114.396903976347,0.1,2,8
"1422",127.243848454109,0.2,2,8
"1423",137.00224066955,0.3,2,8
"1424",144.753732926952,0.4,2,8
"1425",151.011657866165,0.5,2,8
"1426",156.07805395181,0.6,2,8
"1427",160.152233009302,0.7,2,8
"1428",163.375595945015,0.8,2,8
"1429",165.853679463984,0.9,2,8
"1430",167.668164030477,1,2,8
"1431",113.885316463481,0.1,0,8.25
"1432",126.913861981709,0.2,0,8.25
"1433",136.85393840021,0.3,0,8.25
"1434",144.787240647191,0.4,0,8.25
"1435",151.22714523758,0.5,0,8.25
"1436",156.47573617928,0.6,0,8.25
"1437",160.732372926242,0.7,0,8.25
"1438",164.138509997027,0.8,0,8.25
"1439",166.79973464273,0.9,0,8.25
"1440",168.797786938925,1,0,8.25
"1441",112.275878551047,0.1,0.2,8.25
"1442",125.304424069275,0.2,0.2,8.25
"1443",135.244500487776,0.3,0.2,8.25
"1444",143.177802734757,0.4,0.2,8.25
"1445",149.617707325146,0.5,0.2,8.25
"1446",154.866298266846,0.6,0.2,8.25
"1447",159.122935013808,0.7,0.2,8.25
"1448",162.529072084593,0.8,0.2,8.25
"1449",165.190296730296,0.9,0.2,8.25
"1450",167.188349026491,1,0.2,8.25
"1451",112.969025731607,0.1,0.4,8.25
"1452",125.997571249835,0.2,0.4,8.25
"1453",135.937647668336,0.3,0.4,8.25
"1454",143.870949915317,0.4,0.4,8.25
"1455",150.310854505706,0.5,0.4,8.25
"1456",155.559445447406,0.6,0.4,8.25
"1457",159.816082194368,0.7,0.4,8.25
"1458",163.222219265153,0.8,0.4,8.25
"1459",165.883443910856,0.9,0.4,8.25
"1460",167.881496207051,1,0.4,8.25
"1461",113.374490839715,0.1,0.6,8.25
"1462",126.403036357943,0.2,0.6,8.25
"1463",136.343112776444,0.3,0.6,8.25
"1464",144.276415023425,0.4,0.6,8.25
"1465",150.716319613814,0.5,0.6,8.25
"1466",155.964910555514,0.6,0.6,8.25
"1467",160.221547302476,0.7,0.6,8.25
"1468",163.627684373261,0.8,0.6,8.25
"1469",166.288909018965,0.9,0.6,8.25
"1470",168.286961315159,1,0.6,8.25
"1471",113.662172912167,0.1,0.8,8.25
"1472",126.690718430395,0.2,0.8,8.25
"1473",136.630794848896,0.3,0.8,8.25
"1474",144.564097095877,0.4,0.8,8.25
"1475",151.004001686266,0.5,0.8,8.25
"1476",156.252592627966,0.6,0.8,8.25
"1477",160.509229374928,0.7,0.8,8.25
"1478",163.915366445713,0.8,0.8,8.25
"1479",166.576591091416,0.9,0.8,8.25
"1480",168.574643387611,1,0.8,8.25
"1481",113.885316463481,0.1,1,8.25
"1482",126.913861981709,0.2,1,8.25
"1483",136.85393840021,0.3,1,8.25
"1484",144.787240647191,0.4,1,8.25
"1485",151.22714523758,0.5,1,8.25
"1486",156.47573617928,0.6,1,8.25
"1487",160.732372926242,0.7,1,8.25
"1488",164.138509997027,0.8,1,8.25
"1489",166.79973464273,0.9,1,8.25
"1490",168.797786938925,1,1,8.25
"1491",114.067638020275,0.1,1.2,8.25
"1492",127.096183538503,0.2,1.2,8.25
"1493",137.036259957004,0.3,1.2,8.25
"1494",144.969562203985,0.4,1.2,8.25
"1495",151.409466794374,0.5,1.2,8.25
"1496",156.658057736074,0.6,1.2,8.25
"1497",160.914694483036,0.7,1.2,8.25
"1498",164.320831553821,0.8,1.2,8.25
"1499",166.982056199524,0.9,1.2,8.25
"1500",168.980108495719,1,1.2,8.25
"1501",114.221788700102,0.1,1.4,8.25
"1502",127.250334218331,0.2,1.4,8.25
"1503",137.190410636831,0.3,1.4,8.25
"1504",145.123712883812,0.4,1.4,8.25
"1505",151.563617474201,0.5,1.4,8.25
"1506",156.812208415901,0.6,1.4,8.25
"1507",161.068845162863,0.7,1.4,8.25
"1508",164.474982233649,0.8,1.4,8.25
"1509",167.136206879352,0.9,1.4,8.25
"1510",169.134259175546,1,1.4,8.25
"1511",114.355320092727,0.1,1.6,8.25
"1512",127.383865610955,0.2,1.6,8.25
"1513",137.323942029456,0.3,1.6,8.25
"1514",145.257244276437,0.4,1.6,8.25
"1515",151.697148866826,0.5,1.6,8.25
"1516",156.945739808526,0.6,1.6,8.25
"1517",161.202376555487,0.7,1.6,8.25
"1518",164.608513626273,0.8,1.6,8.25
"1519",167.269738271976,0.9,1.6,8.25
"1520",169.267790568171,1,1.6,8.25
"1521",114.473103128383,0.1,1.8,8.25
"1522",127.501648646612,0.2,1.8,8.25
"1523",137.441725065112,0.3,1.8,8.25
"1524",145.375027312093,0.4,1.8,8.25
"1525",151.814931902482,0.5,1.8,8.25
"1526",157.063522844182,0.6,1.8,8.25
"1527",161.320159591144,0.7,1.8,8.25
"1528",164.726296661929,0.8,1.8,8.25
"1529",167.387521307633,0.9,1.8,8.25
"1530",169.385573603827,1,1.8,8.25
"1531",114.578463644041,0.1,2,8.25
"1532",127.607009162269,0.2,2,8.25
"1533",137.54708558077,0.3,2,8.25
"1534",145.480387827751,0.4,2,8.25
"1535",151.92029241814,0.5,2,8.25
"1536",157.16888335984,0.6,2,8.25
"1537",161.425520106802,0.7,2,8.25
"1538",164.831657177587,0.8,2,8.25
"1539",167.49288182329,0.9,2,8.25
"1540",169.490934119485,1,2,8.25
"1541",114.061455229217,0.1,0,8.5
"1542",127.26617728377,0.2,0,8.5
"1543",137.382506138163,0.3,0,8.5
"1544",145.492175566354,0.4,0,8.5
"1545",152.10860200418,0.5,0,8.5
"1546",157.533910813998,0.6,0,8.5
"1547",161.96750459615,0.7,0,8.5
"1548",165.550885981436,0.8,0,8.5
"1549",168.389688001145,0.9,0,8.5
"1550",170.565704011326,1,0,8.5
"1551",112.452017316782,0.1,0.2,8.5
"1552",125.656739371336,0.2,0.2,8.5
"1553",135.773068225729,0.3,0.2,8.5
"1554",143.88273765392,0.4,0.2,8.5
"1555",150.499164091746,0.5,0.2,8.5
"1556",155.924472901564,0.6,0.2,8.5
"1557",160.358066683716,0.7,0.2,8.5
"1558",163.941448069002,0.8,0.2,8.5
"1559",166.780250088711,0.9,0.2,8.5
"1560",168.956266098892,1,0.2,8.5
"1561",113.145164497342,0.1,0.4,8.5
"1562",126.349886551896,0.2,0.4,8.5
"1563",136.466215406289,0.3,0.4,8.5
"1564",144.57588483448,0.4,0.4,8.5
"1565",151.192311272306,0.5,0.4,8.5
"1566",156.617620082124,0.6,0.4,8.5
"1567",161.051213864276,0.7,0.4,8.5
"1568",164.634595249562,0.8,0.4,8.5
"1569",167.473397269271,0.9,0.4,8.5
"1570",169.649413279452,1,0.4,8.5
"1571",113.550629605451,0.1,0.6,8.5
"1572",126.755351660004,0.2,0.6,8.5
"1573",136.871680514397,0.3,0.6,8.5
"1574",144.981349942588,0.4,0.6,8.5
"1575",151.597776380414,0.5,0.6,8.5
"1576",157.023085190232,0.6,0.6,8.5
"1577",161.456678972384,0.7,0.6,8.5
"1578",165.04006035767,0.8,0.6,8.5
"1579",167.878862377379,0.9,0.6,8.5
"1580",170.05487838756,1,0.6,8.5
"1581",113.838311677902,0.1,0.8,8.5
"1582",127.043033732456,0.2,0.8,8.5
"1583",137.159362586849,0.3,0.8,8.5
"1584",145.26903201504,0.4,0.8,8.5
"1585",151.885458452866,0.5,0.8,8.5
"1586",157.310767262684,0.6,0.8,8.5
"1587",161.744361044836,0.7,0.8,8.5
"1588",165.327742430122,0.8,0.8,8.5
"1589",168.166544449831,0.9,0.8,8.5
"1590",170.342560460012,1,0.8,8.5
"1591",114.061455229217,0.1,1,8.5
"1592",127.26617728377,0.2,1,8.5
"1593",137.382506138163,0.3,1,8.5
"1594",145.492175566354,0.4,1,8.5
"1595",152.10860200418,0.5,1,8.5
"1596",157.533910813998,0.6,1,8.5
"1597",161.96750459615,0.7,1,8.5
"1598",165.550885981436,0.8,1,8.5
"1599",168.389688001145,0.9,1,8.5
"1600",170.565704011326,1,1,8.5
"1601",114.24377678601,0.1,1.2,8.5
"1602",127.448498840564,0.2,1.2,8.5
"1603",137.564827694957,0.3,1.2,8.5
"1604",145.674497123148,0.4,1.2,8.5
"1605",152.290923560974,0.5,1.2,8.5
"1606",157.716232370792,0.6,1.2,8.5
"1607",162.149826152944,0.7,1.2,8.5
"1608",165.73320753823,0.8,1.2,8.5
"1609",168.572009557939,0.9,1.2,8.5
"1610",170.74802556812,1,1.2,8.5
"1611",114.397927465838,0.1,1.4,8.5
"1612",127.602649520391,0.2,1.4,8.5
"1613",137.718978374785,0.3,1.4,8.5
"1614",145.828647802976,0.4,1.4,8.5
"1615",152.445074240801,0.5,1.4,8.5
"1616",157.87038305062,0.6,1.4,8.5
"1617",162.303976832771,0.7,1.4,8.5
"1618",165.887358218058,0.8,1.4,8.5
"1619",168.726160237766,0.9,1.4,8.5
"1620",170.902176247947,1,1.4,8.5
"1621",114.531458858462,0.1,1.6,8.5
"1622",127.736180913016,0.2,1.6,8.5
"1623",137.852509767409,0.3,1.6,8.5
"1624",145.9621791956,0.4,1.6,8.5
"1625",152.578605633425,0.5,1.6,8.5
"1626",158.003914443244,0.6,1.6,8.5
"1627",162.437508225396,0.7,1.6,8.5
"1628",166.020889610682,0.8,1.6,8.5
"1629",168.859691630391,0.9,1.6,8.5
"1630",171.035707640572,1,1.6,8.5
"1631",114.649241894119,0.1,1.8,8.5
"1632",127.853963948672,0.2,1.8,8.5
"1633",137.970292803065,0.3,1.8,8.5
"1634",146.079962231257,0.4,1.8,8.5
"1635",152.696388669082,0.5,1.8,8.5
"1636",158.1216974789,0.6,1.8,8.5
"1637",162.555291261052,0.7,1.8,8.5
"1638",166.138672646339,0.8,1.8,8.5
"1639",168.977474666047,0.9,1.8,8.5
"1640",171.153490676228,1,1.8,8.5
"1641",114.754602409776,0.1,2,8.5
"1642",127.95932446433,0.2,2,8.5
"1643",138.075653318723,0.3,2,8.5
"1644",146.185322746914,0.4,2,8.5
"1645",152.80174918474,0.5,2,8.5
"1646",158.227057994558,0.6,2,8.5
"1647",162.66065177671,0.7,2,8.5
"1648",166.244033161996,0.8,2,8.5
"1649",169.082835181705,0.9,2,8.5
"1650",171.258851191886,1,2,8.5
"1651",114.232487448941,0.1,0,8.75
"1652",127.60827629812,0.2,0,8.75
"1653",137.895741406294,0.3,0,8.75
"1654",146.176652050378,0.4,0,8.75
"1655",152.964461097221,0.5,0,8.75
"1656",158.561331577601,0.6,0,8.75
"1657",163.166705307037,0.7,0,8.75
"1658",166.922128278956,0.8,0,8.75
"1659",169.933275113233,0.9,0,8.75
"1660",172.281986999901,1,0,8.75
"1661",112.623049536507,0.1,0.2,8.75
"1662",125.998838385686,0.2,0.2,8.75
"1663",136.28630349386,0.3,0.2,8.75
"1664",144.567214137944,0.4,0.2,8.75
"1665",151.355023184787,0.5,0.2,8.75
"1666",156.951893665167,0.6,0.2,8.75
"1667",161.557267394603,0.7,0.2,8.75
"1668",165.312690366522,0.8,0.2,8.75
"1669",168.323837200799,0.9,0.2,8.75
"1670",170.672549087467,1,0.2,8.75
"1671",113.316196717066,0.1,0.4,8.75
"1672",126.691985566246,0.2,0.4,8.75
"1673",136.97945067442,0.3,0.4,8.75
"1674",145.260361318504,0.4,0.4,8.75
"1675",152.048170365347,0.5,0.4,8.75
"1676",157.645040845727,0.6,0.4,8.75
"1677",162.250414575163,0.7,0.4,8.75
"1678",166.005837547082,0.8,0.4,8.75
"1679",169.016984381359,0.9,0.4,8.75
"1680",171.365696268027,1,0.4,8.75
"1681",113.721661825175,0.1,0.6,8.75
"1682",127.097450674354,0.2,0.6,8.75
"1683",137.384915782528,0.3,0.6,8.75
"1684",145.665826426612,0.4,0.6,8.75
"1685",152.453635473455,0.5,0.6,8.75
"1686",158.050505953835,0.6,0.6,8.75
"1687",162.655879683271,0.7,0.6,8.75
"1688",166.41130265519,0.8,0.6,8.75
"1689",169.422449489467,0.9,0.6,8.75
"1690",171.771161376135,1,0.6,8.75
"1691",114.009343897626,0.1,0.8,8.75
"1692",127.385132746806,0.2,0.8,8.75
"1693",137.67259785498,0.3,0.8,8.75
"1694",145.953508499064,0.4,0.8,8.75
"1695",152.741317545907,0.5,0.8,8.75
"1696",158.338188026287,0.6,0.8,8.75
"1697",162.943561755723,0.7,0.8,8.75
"1698",166.698984727642,0.8,0.8,8.75
"1699",169.710131561919,0.9,0.8,8.75
"1700",172.058843448587,1,0.8,8.75
"1701",114.232487448941,0.1,1,8.75
"1702",127.60827629812,0.2,1,8.75
"1703",137.895741406294,0.3,1,8.75
"1704",146.176652050378,0.4,1,8.75
"1705",152.964461097221,0.5,1,8.75
"1706",158.561331577601,0.6,1,8.75
"1707",163.166705307037,0.7,1,8.75
"1708",166.922128278956,0.8,1,8.75
"1709",169.933275113233,0.9,1,8.75
"1710",172.281986999901,1,1,8.75
"1711",114.414809005735,0.1,1.2,8.75
"1712",127.790597854914,0.2,1.2,8.75
"1713",138.078062963088,0.3,1.2,8.75
"1714",146.358973607172,0.4,1.2,8.75
"1715",153.146782654015,0.5,1.2,8.75
"1716",158.743653134395,0.6,1.2,8.75
"1717",163.349026863831,0.7,1.2,8.75
"1718",167.10444983575,0.8,1.2,8.75
"1719",170.115596670027,0.9,1.2,8.75
"1720",172.464308556695,1,1.2,8.75
"1721",114.568959685562,0.1,1.4,8.75
"1722",127.944748534741,0.2,1.4,8.75
"1723",138.232213642915,0.3,1.4,8.75
"1724",146.513124286999,0.4,1.4,8.75
"1725",153.300933333842,0.5,1.4,8.75
"1726",158.897803814223,0.6,1.4,8.75
"1727",163.503177543659,0.7,1.4,8.75
"1728",167.258600515577,0.8,1.4,8.75
"1729",170.269747349854,0.9,1.4,8.75
"1730",172.618459236522,1,1.4,8.75
"1731",114.702491078186,0.1,1.6,8.75
"1732",128.078279927366,0.2,1.6,8.75
"1733",138.36574503554,0.3,1.6,8.75
"1734",146.646655679624,0.4,1.6,8.75
"1735",153.434464726467,0.5,1.6,8.75
"1736",159.031335206847,0.6,1.6,8.75
"1737",163.636708936283,0.7,1.6,8.75
"1738",167.392131908202,0.8,1.6,8.75
"1739",170.403278742479,0.9,1.6,8.75
"1740",172.751990629147,1,1.6,8.75
"1741",114.820274113843,0.1,1.8,8.75
"1742",128.196062963022,0.2,1.8,8.75
"1743",138.483528071196,0.3,1.8,8.75
"1744",146.76443871528,0.4,1.8,8.75
"1745",153.552247762123,0.5,1.8,8.75
"1746",159.149118242504,0.6,1.8,8.75
"1747",163.75449197194,0.7,1.8,8.75
"1748",167.509914943858,0.8,1.8,8.75
"1749",170.521061778135,0.9,1.8,8.75
"1750",172.869773664803,1,1.8,8.75
"1751",114.925634629501,0.1,2,8.75
"1752",128.30142347868,0.2,2,8.75
"1753",138.588888586854,0.3,2,8.75
"1754",146.869799230938,0.4,2,8.75
"1755",153.657608277781,0.5,2,8.75
"1756",159.254478758161,0.6,2,8.75
"1757",163.859852487597,0.7,2,8.75
"1758",167.615275459516,0.8,2,8.75
"1759",170.626422293793,0.9,2,8.75
"1760",172.975134180461,1,2,8.75
"1761",114.398700902427,0.1,0,9
"1762",127.940734935017,0.2,0,9
"1763",138.394508954606,0.3,0,9
"1764",146.841824772488,0.4,0,9
"1765",153.79616859435,0.5,0,9
"1766",159.559737862416,0.6,0,9
"1767",164.332010144409,0.7,0,9
"1768",168.254570670631,0.8,0,9
"1769",171.4331319499,0.9,0,9
"1770",173.949578293122,1,0,9
"1771",112.789262989993,0.1,0.2,9
"1772",126.331297022583,0.2,0.2,9
"1773",136.785071042171,0.3,0.2,9
"1774",145.232386860054,0.4,0.2,9
"1775",152.186730681916,0.5,0.2,9
"1776",157.950299949982,0.6,0.2,9
"1777",162.722572231975,0.7,0.2,9
"1778",166.645132758197,0.8,0.2,9
"1779",169.823694037466,0.9,0.2,9
"1780",172.340140380687,1,0.2,9
"1781",113.482410170552,0.1,0.4,9
"1782",127.024444203143,0.2,0.4,9
"1783",137.478218222731,0.3,0.4,9
"1784",145.925534040614,0.4,0.4,9
"1785",152.879877862476,0.5,0.4,9
"1786",158.643447130542,0.6,0.4,9
"1787",163.415719412535,0.7,0.4,9
"1788",167.338279938757,0.8,0.4,9
"1789",170.516841218025,0.9,0.4,9
"1790",173.033287561247,1,0.4,9
"1791",113.887875278661,0.1,0.6,9
"1792",127.429909311251,0.2,0.6,9
"1793",137.88368333084,0.3,0.6,9
"1794",146.330999148722,0.4,0.6,9
"1795",153.285342970584,0.5,0.6,9
"1796",159.04891223865,0.6,0.6,9
"1797",163.821184520643,0.7,0.6,9
"1798",167.743745046865,0.8,0.6,9
"1799",170.922306326134,0.9,0.6,9
"1800",173.438752669356,1,0.6,9
"1801",114.175557351112,0.1,0.8,9
"1802",127.717591383703,0.2,0.8,9
"1803",138.171365403291,0.3,0.8,9
"1804",146.618681221173,0.4,0.8,9
"1805",153.573025043036,0.5,0.8,9
"1806",159.336594311102,0.6,0.8,9
"1807",164.108866593095,0.7,0.8,9
"1808",168.031427119317,0.8,0.8,9
"1809",171.209988398585,0.9,0.8,9
"1810",173.726434741807,1,0.8,9
"1811",114.398700902427,0.1,1,9
"1812",127.940734935017,0.2,1,9
"1813",138.394508954606,0.3,1,9
"1814",146.841824772488,0.4,1,9
"1815",153.79616859435,0.5,1,9
"1816",159.559737862416,0.6,1,9
"1817",164.332010144409,0.7,1,9
"1818",168.254570670631,0.8,1,9
"1819",171.4331319499,0.9,1,9
"1820",173.949578293122,1,1,9
"1821",114.581022459221,0.1,1.2,9
"1822",128.123056491811,0.2,1.2,9
"1823",138.576830511399,0.3,1.2,9
"1824",147.024146329282,0.4,1.2,9
"1825",153.978490151144,0.5,1.2,9
"1826",159.74205941921,0.6,1.2,9
"1827",164.514331701203,0.7,1.2,9
"1828",168.436892227425,0.8,1.2,9
"1829",171.615453506694,0.9,1.2,9
"1830",174.131899849915,1,1.2,9
"1831",114.735173139048,0.1,1.4,9
"1832",128.277207171639,0.2,1.4,9
"1833",138.730981191227,0.3,1.4,9
"1834",147.178297009109,0.4,1.4,9
"1835",154.132640830971,0.5,1.4,9
"1836",159.896210099037,0.6,1.4,9
"1837",164.66848238103,0.7,1.4,9
"1838",168.591042907252,0.8,1.4,9
"1839",171.769604186521,0.9,1.4,9
"1840",174.286050529743,1,1.4,9
"1841",114.868704531672,0.1,1.6,9
"1842",128.410738564263,0.2,1.6,9
"1843",138.864512583851,0.3,1.6,9
"1844",147.311828401733,0.4,1.6,9
"1845",154.266172223596,0.5,1.6,9
"1846",160.029741491662,0.6,1.6,9
"1847",164.802013773655,0.7,1.6,9
"1848",168.724574299877,0.8,1.6,9
"1849",171.903135579145,0.9,1.6,9
"1850",174.419581922367,1,1.6,9
"1851",114.986487567329,0.1,1.8,9
"1852",128.52852159992,0.2,1.8,9
"1853",138.982295619508,0.3,1.8,9
"1854",147.42961143739,0.4,1.8,9
"1855",154.383955259252,0.5,1.8,9
"1856",160.147524527318,0.6,1.8,9
"1857",164.919796809311,0.7,1.8,9
"1858",168.842357335533,0.8,1.8,9
"1859",172.020918614802,0.9,1.8,9
"1860",174.537364958024,1,1.8,9
"1861",115.091848082987,0.1,2,9
"1862",128.633882115577,0.2,2,9
"1863",139.087656135165,0.3,2,9
"1864",147.534971953048,0.4,2,9
"1865",154.48931577491,0.5,2,9
"1866",160.252885042976,0.6,2,9
"1867",165.025157324969,0.7,2,9
"1868",168.947717851191,0.8,2,9
"1869",172.12627913046,0.9,2,9
"1870",174.642725473681,1,2,9
"1871",114.560359707162,0.1,0,9.25
"1872",128.26408173331,0.2,0,9.25
"1873",138.879602357467,0.3,0,9.25
"1874",147.488753279846,0.4,0,9.25
"1875",154.605051295143,0.5,0,9.25
"1876",160.530725368054,0.6,0,9.25
"1877",165.465285755594,0.7,0,9.25
"1878",169.550361963576,0.8,0,9.25
"1879",172.891675187441,0.9,0,9.25
"1880",175.571174684057,1,0,9.25
"1881",112.950921794727,0.1,0.2,9.25
"1882",126.654643820876,0.2,0.2,9.25
"1883",137.270164445033,0.3,0.2,9.25
"1884",145.879315367411,0.4,0.2,9.25
"1885",152.995613382709,0.5,0.2,9.25
"1886",158.92128745562,0.6,0.2,9.25
"1887",163.85584784316,0.7,0.2,9.25
"1888",167.940924051142,0.8,0.2,9.25
"1889",171.282237275007,0.9,0.2,9.25
"1890",173.961736771623,1,0.2,9.25
"1891",113.644068975287,0.1,0.4,9.25
"1892",127.347791001436,0.2,0.4,9.25
"1893",137.963311625593,0.3,0.4,9.25
"1894",146.572462547971,0.4,0.4,9.25
"1895",153.688760563269,0.5,0.4,9.25
"1896",159.61443463618,0.6,0.4,9.25
"1897",164.54899502372,0.7,0.4,9.25
"1898",168.634071231702,0.8,0.4,9.25
"1899",171.975384455567,0.9,0.4,9.25
"1900",174.654883952183,1,0.4,9.25
"1901",114.049534083396,0.1,0.6,9.25
"1902",127.753256109544,0.2,0.6,9.25
"1903",138.368776733701,0.3,0.6,9.25
"1904",146.97792765608,0.4,0.6,9.25
"1905",154.094225671377,0.5,0.6,9.25
"1906",160.019899744288,0.6,0.6,9.25
"1907",164.954460131828,0.7,0.6,9.25
"1908",169.03953633981,0.8,0.6,9.25
"1909",172.380849563675,0.9,0.6,9.25
"1910",175.060349060291,1,0.6,9.25
"1911",114.337216155847,0.1,0.8,9.25
"1912",128.040938181996,0.2,0.8,9.25
"1913",138.656458806153,0.3,0.8,9.25
"1914",147.265609728531,0.4,0.8,9.25
"1915",154.381907743829,0.5,0.8,9.25
"1916",160.30758181674,0.6,0.8,9.25
"1917",165.242142204279,0.7,0.8,9.25
"1918",169.327218412262,0.8,0.8,9.25
"1919",172.668531636127,0.9,0.8,9.25
"1920",175.348031132743,1,0.8,9.25
"1921",114.560359707162,0.1,1,9.25
"1922",128.26408173331,0.2,1,9.25
"1923",138.879602357467,0.3,1,9.25
"1924",147.488753279846,0.4,1,9.25
"1925",154.605051295143,0.5,1,9.25
"1926",160.530725368054,0.6,1,9.25
"1927",165.465285755594,0.7,1,9.25
"1928",169.550361963576,0.8,1,9.25
"1929",172.891675187441,0.9,1,9.25
"1930",175.571174684057,1,1,9.25
"1931",114.742681263955,0.1,1.2,9.25
"1932",128.446403290104,0.2,1.2,9.25
"1933",139.061923914261,0.3,1.2,9.25
"1934",147.671074836639,0.4,1.2,9.25
"1935",154.787372851937,0.5,1.2,9.25
"1936",160.713046924848,0.6,1.2,9.25
"1937",165.647607312388,0.7,1.2,9.25
"1938",169.73268352037,0.8,1.2,9.25
"1939",173.073996744235,0.9,1.2,9.25
"1940",175.753496240851,1,1.2,9.25
"1941",114.896831943783,0.1,1.4,9.25
"1942",128.600553969931,0.2,1.4,9.25
"1943",139.216074594088,0.3,1.4,9.25
"1944",147.825225516467,0.4,1.4,9.25
"1945",154.941523531765,0.5,1.4,9.25
"1946",160.867197604675,0.6,1.4,9.25
"1947",165.801757992215,0.7,1.4,9.25
"1948",169.886834200197,0.8,1.4,9.25
"1949",173.228147424062,0.9,1.4,9.25
"1950",175.907646920679,1,1.4,9.25
"1951",115.030363336407,0.1,1.6,9.25
"1952",128.734085362556,0.2,1.6,9.25
"1953",139.349605986713,0.3,1.6,9.25
"1954",147.958756909091,0.4,1.6,9.25
"1955",155.075054924389,0.5,1.6,9.25
"1956",161.000728997299,0.6,1.6,9.25
"1957",165.935289384839,0.7,1.6,9.25
"1958",170.020365592822,0.8,1.6,9.25
"1959",173.361678816687,0.9,1.6,9.25
"1960",176.041178313303,1,1.6,9.25
"1961",115.148146372064,0.1,1.8,9.25
"1962",128.851868398212,0.2,1.8,9.25
"1963",139.467389022369,0.3,1.8,9.25
"1964",148.076539944748,0.4,1.8,9.25
"1965",155.192837960045,0.5,1.8,9.25
"1966",161.118512032956,0.6,1.8,9.25
"1967",166.053072420496,0.7,1.8,9.25
"1968",170.138148628478,0.8,1.8,9.25
"1969",173.479461852343,0.9,1.8,9.25
"1970",176.158961348959,1,1.8,9.25
"1971",115.253506887721,0.1,2,9.25
"1972",128.95722891387,0.2,2,9.25
"1973",139.572749538027,0.3,2,9.25
"1974",148.181900460405,0.4,2,9.25
"1975",155.298198475703,0.5,2,9.25
"1976",161.223872548614,0.6,2,9.25
"1977",166.158432936154,0.7,2,9.25
"1978",170.243509144136,0.8,2,9.25
"1979",173.584822368001,0.9,2,9.25
"1980",176.264321864617,1,2,9.25
"1981",114.717706843496,0.1,0,9.5
"1982",128.578802918048,0.2,0,9.5
"1983",139.351751618602,0.3,0,9.5
"1984",148.118412169005,0.4,0,9.5
"1985",155.392329499156,0.5,0,9.5
"1986",161.475761524368,0.6,0,9.5
"1987",166.568248471554,0.7,0,9.5
"1988",170.811451039556,0.8,0,9.5
"1989",174.311125958168,0.9,0,9.5
"1990",177.149254085253,1,0,9.5
"1991",113.108268931062,0.1,0.2,9.5
"1992",126.969365005614,0.2,0.2,9.5
"1993",137.742313706168,0.3,0.2,9.5
"1994",146.508974256571,0.4,0.2,9.5
"1995",153.782891586722,0.5,0.2,9.5
"1996",159.866323611934,0.6,0.2,9.5
"1997",164.95881055912,0.7,0.2,9.5
"1998",169.202013127122,0.8,0.2,9.5
"1999",172.701688045734,0.9,0.2,9.5
"2000",175.539816172819,1,0.2,9.5
"2001",113.801416111622,0.1,0.4,9.5
"2002",127.662512186174,0.2,0.4,9.5
"2003",138.435460886728,0.3,0.4,9.5
"2004",147.202121437131,0.4,0.4,9.5
"2005",154.476038767282,0.5,0.4,9.5
"2006",160.559470792494,0.6,0.4,9.5
"2007",165.65195773968,0.7,0.4,9.5
"2008",169.895160307681,0.8,0.4,9.5
"2009",173.394835226294,0.9,0.4,9.5
"2010",176.232963353379,1,0.4,9.5
"2011",114.20688121973,0.1,0.6,9.5
"2012",128.067977294282,0.2,0.6,9.5
"2013",138.840925994836,0.3,0.6,9.5
"2014",147.607586545239,0.4,0.6,9.5
"2015",154.88150387539,0.5,0.6,9.5
"2016",160.964935900602,0.6,0.6,9.5
"2017",166.057422847788,0.7,0.6,9.5
"2018",170.30062541579,0.8,0.6,9.5
"2019",173.800300334402,0.9,0.6,9.5
"2020",176.638428461487,1,0.6,9.5
"2021",114.494563292182,0.1,0.8,9.5
"2022",128.355659366734,0.2,0.8,9.5
"2023",139.128608067288,0.3,0.8,9.5
"2024",147.895268617691,0.4,0.8,9.5
"2025",155.169185947842,0.5,0.8,9.5
"2026",161.252617973054,0.6,0.8,9.5
"2027",166.34510492024,0.7,0.8,9.5
"2028",170.588307488241,0.8,0.8,9.5
"2029",174.087982406854,0.9,0.8,9.5
"2030",176.926110533939,1,0.8,9.5
"2031",114.717706843496,0.1,1,9.5
"2032",128.578802918048,0.2,1,9.5
"2033",139.351751618602,0.3,1,9.5
"2034",148.118412169005,0.4,1,9.5
"2035",155.392329499156,0.5,1,9.5
"2036",161.475761524368,0.6,1,9.5
"2037",166.568248471554,0.7,1,9.5
"2038",170.811451039556,0.8,1,9.5
"2039",174.311125958168,0.9,1,9.5
"2040",177.149254085253,1,1,9.5
"2041",114.90002840029,0.1,1.2,9.5
"2042",128.761124474842,0.2,1.2,9.5
"2043",139.534073175396,0.3,1.2,9.5
"2044",148.300733725799,0.4,1.2,9.5
"2045",155.57465105595,0.5,1.2,9.5
"2046",161.658083081162,0.6,1.2,9.5
"2047",166.750570028348,0.7,1.2,9.5
"2048",170.99377259635,0.8,1.2,9.5
"2049",174.493447514962,0.9,1.2,9.5
"2050",177.331575642047,1,1.2,9.5
"2051",115.054179080117,0.1,1.4,9.5
"2052",128.915275154669,0.2,1.4,9.5
"2053",139.688223855223,0.3,1.4,9.5
"2054",148.454884405627,0.4,1.4,9.5
"2055",155.728801735777,0.5,1.4,9.5
"2056",161.812233760989,0.6,1.4,9.5
"2057",166.904720708176,0.7,1.4,9.5
"2058",171.147923276177,0.8,1.4,9.5
"2059",174.647598194789,0.9,1.4,9.5
"2060",177.485726321874,1,1.4,9.5
"2061",115.187710472742,0.1,1.6,9.5
"2062",129.048806547294,0.2,1.6,9.5
"2063",139.821755247848,0.3,1.6,9.5
"2064",148.588415798251,0.4,1.6,9.5
"2065",155.862333128402,0.5,1.6,9.5
"2066",161.945765153614,0.6,1.6,9.5
"2067",167.0382521008,0.7,1.6,9.5
"2068",171.281454668801,0.8,1.6,9.5
"2069",174.781129587414,0.9,1.6,9.5
"2070",177.619257714499,1,1.6,9.5
"2071",115.305493508398,0.1,1.8,9.5
"2072",129.16658958295,0.2,1.8,9.5
"2073",139.939538283504,0.3,1.8,9.5
"2074",148.706198833907,0.4,1.8,9.5
"2075",155.980116164058,0.5,1.8,9.5
"2076",162.06354818927,0.6,1.8,9.5
"2077",167.156035136457,0.7,1.8,9.5
"2078",171.399237704458,0.8,1.8,9.5
"2079",174.89891262307,0.9,1.8,9.5
"2080",177.737040750155,1,1.8,9.5
"2081",115.410854024056,0.1,2,9.5
"2082",129.271950098608,0.2,2,9.5
"2083",140.044898799162,0.3,2,9.5
"2084",148.811559349565,0.4,2,9.5
"2085",156.085476679716,0.5,2,9.5
"2086",162.168908704928,0.6,2,9.5
"2087",167.261395652114,0.7,2,9.5
"2088",171.504598220116,0.8,2,9.5
"2089",175.004273138728,0.9,2,9.5
"2090",177.842401265813,1,2,9.5
"2091",114.870966351677,0.1,0,9.75
"2092",128.885346800563,0.2,0,9.75
"2093",139.811629786467,0.3,0,9.75
"2094",148.731699935528,0.4,0,9.75
"2095",156.15912811607,0.5,0,9.75
"2096",162.396198896684,0.6,0,9.75
"2097",167.642480051119,0.7,0,9.75
"2098",172.03966089733,0.8,0,9.75
"2099",175.693530459013,0.9,0,9.75
"2100",178.686098689989,1,0,9.75
"2101",113.261528439243,0.1,0.2,9.75
"2102",127.275908888128,0.2,0.2,9.75
"2103",138.202191874033,0.3,0.2,9.75
"2104",147.122262023094,0.4,0.2,9.75
"2105",154.549690203636,0.5,0.2,9.75
"2106",160.78676098425,0.6,0.2,9.75
"2107",166.033042138685,0.7,0.2,9.75
"2108",170.430222984895,0.8,0.2,9.75
"2109",174.084092546579,0.9,0.2,9.75
"2110",177.076660777555,1,0.2,9.75
"2111",113.954675619803,0.1,0.4,9.75
"2112",127.969056068688,0.2,0.4,9.75
"2113",138.895339054593,0.3,0.4,9.75
"2114",147.815409203654,0.4,0.4,9.75
"2115",155.242837384196,0.5,0.4,9.75
"2116",161.47990816481,0.6,0.4,9.75
"2117",166.726189319245,0.7,0.4,9.75
"2118",171.123370165455,0.8,0.4,9.75
"2119",174.777239727139,0.9,0.4,9.75
"2120",177.769807958115,1,0.4,9.75
"2121",114.360140727911,0.1,0.6,9.75
"2122",128.374521176797,0.2,0.6,9.75
"2123",139.300804162701,0.3,0.6,9.75
"2124",148.220874311762,0.4,0.6,9.75
"2125",155.648302492305,0.5,0.6,9.75
"2126",161.885373272918,0.6,0.6,9.75
"2127",167.131654427353,0.7,0.6,9.75
"2128",171.528835273564,0.8,0.6,9.75
"2129",175.182704835247,0.9,0.6,9.75
"2130",178.175273066223,1,0.6,9.75
"2131",114.647822800363,0.1,0.8,9.75
"2132",128.662203249248,0.2,0.8,9.75
"2133",139.588486235153,0.3,0.8,9.75
"2134",148.508556384214,0.4,0.8,9.75
"2135",155.935984564756,0.5,0.8,9.75
"2136",162.17305534537,0.6,0.8,9.75
"2137",167.419336499805,0.7,0.8,9.75
"2138",171.816517346015,0.8,0.8,9.75
"2139",175.470386907699,0.9,0.8,9.75
"2140",178.462955138675,1,0.8,9.75
"2141",114.870966351677,0.1,1,9.75
"2142",128.885346800563,0.2,1,9.75
"2143",139.811629786467,0.3,1,9.75
"2144",148.731699935528,0.4,1,9.75
"2145",156.15912811607,0.5,1,9.75
"2146",162.396198896684,0.6,1,9.75
"2147",167.642480051119,0.7,1,9.75
"2148",172.03966089733,0.8,1,9.75
"2149",175.693530459013,0.9,1,9.75
"2150",178.686098689989,1,1,9.75
"2151",115.053287908471,0.1,1.2,9.75
"2152",129.067668357357,0.2,1.2,9.75
"2153",139.993951343261,0.3,1.2,9.75
"2154",148.914021492322,0.4,1.2,9.75
"2155",156.341449672864,0.5,1.2,9.75
"2156",162.578520453478,0.6,1.2,9.75
"2157",167.824801607913,0.7,1.2,9.75
"2158",172.221982454124,0.8,1.2,9.75
"2159",175.875852015807,0.9,1.2,9.75
"2160",178.868420246783,1,1.2,9.75
"2161",115.207438588298,0.1,1.4,9.75
"2162",129.221819037184,0.2,1.4,9.75
"2163",140.148102023088,0.3,1.4,9.75
"2164",149.06817217215,0.4,1.4,9.75
"2165",156.495600352692,0.5,1.4,9.75
"2166",162.732671133305,0.6,1.4,9.75
"2167",167.978952287741,0.7,1.4,9.75
"2168",172.376133133951,0.8,1.4,9.75
"2169",176.030002695634,0.9,1.4,9.75
"2170",179.02257092661,1,1.4,9.75
"2171",115.340969980923,0.1,1.6,9.75
"2172",129.355350429808,0.2,1.6,9.75
"2173",140.281633415713,0.3,1.6,9.75
"2174",149.201703564774,0.4,1.6,9.75
"2175",156.629131745316,0.5,1.6,9.75
"2176",162.866202525929,0.6,1.6,9.75
"2177",168.112483680365,0.7,1.6,9.75
"2178",172.509664526575,0.8,1.6,9.75
"2179",176.163534088259,0.9,1.6,9.75
"2180",179.156102319234,1,1.6,9.75
"2181",115.458753016579,0.1,1.8,9.75
"2182",129.473133465465,0.2,1.8,9.75
"2183",140.399416451369,0.3,1.8,9.75
"2184",149.31948660043,0.4,1.8,9.75
"2185",156.746914780973,0.5,1.8,9.75
"2186",162.983985561586,0.6,1.8,9.75
"2187",168.230266716022,0.7,1.8,9.75
"2188",172.627447562232,0.8,1.8,9.75
"2189",176.281317123915,0.9,1.8,9.75
"2190",179.273885354891,1,1.8,9.75
"2191",115.564113532237,0.1,2,9.75
"2192",129.578493981123,0.2,2,9.75
"2193",140.504776967027,0.3,2,9.75
"2194",149.424847116088,0.4,2,9.75
"2195",156.85227529663,0.5,2,9.75
"2196",163.089346077244,0.6,2,9.75
"2197",168.335627231679,0.7,2,9.75
"2198",172.73280807789,0.8,2,9.75
"2199",176.386677639573,0.9,2,9.75
"2200",179.379245870549,1,2,9.75
"2201",115.020345262925,0.1,0,10
"2202",129.18412762101,0.2,0,10
"2203",140.259858730677,0.3,0,10
"2204",149.329446699907,0.4,0,10
"2205",156.906486362765,0.5,0,10
"2206",163.293286882382,0.6,0,10
"2207",168.689441413055,0.7,0,10
"2208",173.236665596486,0.8,0,10
"2209",177.040777905916,0.9,0,10
"2210",180.183815135344,1,0,10
"2211",113.410907350491,0.1,0.2,10
"2212",127.574689708576,0.2,0.2,10
"2213",138.650420818242,0.3,0.2,10
"2214",147.720008787473,0.4,0.2,10
"2215",155.297048450331,0.5,0.2,10
"2216",161.683848969948,0.6,0.2,10
"2217",167.080003500621,0.7,0.2,10
"2218",171.627227684052,0.8,0.2,10
"2219",175.431339993482,0.9,0.2,10
"2220",178.57437722291,1,0.2,10
"2221",114.104054531051,0.1,0.4,10
"2222",128.267836889136,0.2,0.4,10
"2223",139.343567998802,0.3,0.4,10
"2224",148.413155968033,0.4,0.4,10
"2225",155.990195630891,0.5,0.4,10
"2226",162.376996150508,0.6,0.4,10
"2227",167.773150681181,0.7,0.4,10
"2228",172.320374864612,0.8,0.4,10
"2229",176.124487174042,0.9,0.4,10
"2230",179.26752440347,1,0.4,10
"2231",114.509519639159,0.1,0.6,10
"2232",128.673301997244,0.2,0.6,10
"2233",139.749033106911,0.3,0.6,10
"2234",148.818621076141,0.4,0.6,10
"2235",156.395660738999,0.5,0.6,10
"2236",162.782461258616,0.6,0.6,10
"2237",168.178615789289,0.7,0.6,10
"2238",172.72583997272,0.8,0.6,10
"2239",176.52995228215,0.9,0.6,10
"2240",179.672989511578,1,0.6,10
"2241",114.797201711611,0.1,0.8,10
"2242",128.960984069696,0.2,0.8,10
"2243",140.036715179362,0.3,0.8,10
"2244",149.106303148593,0.4,0.8,10
"2245",156.683342811451,0.5,0.8,10
"2246",163.070143331068,0.6,0.8,10
"2247",168.466297861741,0.7,0.8,10
"2248",173.013522045172,0.8,0.8,10
"2249",176.817634354602,0.9,0.8,10
"2250",179.96067158403,1,0.8,10
"2251",115.020345262925,0.1,1,10
"2252",129.18412762101,0.2,1,10
"2253",140.259858730677,0.3,1,10
"2254",149.329446699907,0.4,1,10
"2255",156.906486362765,0.5,1,10
"2256",163.293286882382,0.6,1,10
"2257",168.689441413055,0.7,1,10
"2258",173.236665596486,0.8,1,10
"2259",177.040777905916,0.9,1,10
"2260",180.183815135344,1,1,10
"2261",115.202666819719,0.1,1.2,10
"2262",129.366449177804,0.2,1.2,10
"2263",140.442180287471,0.3,1.2,10
"2264",149.511768256701,0.4,1.2,10
"2265",157.088807919559,0.5,1.2,10
"2266",163.475608439176,0.6,1.2,10
"2267",168.871762969849,0.7,1.2,10
"2268",173.41898715328,0.8,1.2,10
"2269",177.22309946271,0.9,1.2,10
"2270",180.366136692138,1,1.2,10
"2271",115.356817499546,0.1,1.4,10
"2272",129.520599857632,0.2,1.4,10
"2273",140.596330967298,0.3,1.4,10
"2274",149.665918936528,0.4,1.4,10
"2275",157.242958599386,0.5,1.4,10
"2276",163.629759119003,0.6,1.4,10
"2277",169.025913649676,0.7,1.4,10
"2278",173.573137833107,0.8,1.4,10
"2279",177.377250142538,0.9,1.4,10
"2280",180.520287371965,1,1.4,10
"2281",115.490348892171,0.1,1.6,10
"2282",129.654131250256,0.2,1.6,10
"2283",140.729862359922,0.3,1.6,10
"2284",149.799450329153,0.4,1.6,10
"2285",157.376489992011,0.5,1.6,10
"2286",163.763290511628,0.6,1.6,10
"2287",169.159445042301,0.7,1.6,10
"2288",173.706669225732,0.8,1.6,10
"2289",177.510781535162,0.9,1.6,10
"2290",180.65381876459,1,1.6,10
"2291",115.608131927827,0.1,1.8,10
"2292",129.771914285912,0.2,1.8,10
"2293",140.847645395579,0.3,1.8,10
"2294",149.917233364809,0.4,1.8,10
"2295",157.494273027667,0.5,1.8,10
"2296",163.881073547284,0.6,1.8,10
"2297",169.277228077957,0.7,1.8,10
"2298",173.824452261388,0.8,1.8,10
"2299",177.628564570819,0.9,1.8,10
"2300",180.771601800246,1,1.8,10
"2301",115.713492443485,0.1,2,10
"2302",129.87727480157,0.2,2,10
"2303",140.953005911236,0.3,2,10
"2304",150.022593880467,0.4,2,10
"2305",157.599633543325,0.5,2,10
"2306",163.986434062942,0.6,2,10
"2307",169.382588593615,0.7,2,10
"2308",173.929812777046,0.8,2,10
"2309",177.733925086476,0.9,2,10
"2310",180.876962315904,1,2,10
