"","ld2","Var1","Var2","Var3"
"1",110.930555450955,0,0.1,5
"2",109.321117538521,0.2,0.1,5
"3",110.01426471908,0.4,0.1,5
"4",110.419729827189,0.6,0.1,5
"5",110.70741189964,0.8,0.1,5
"6",110.930555450955,1,0.1,5
"7",111.112877007749,1.2,0.1,5
"8",111.267027687576,1.4,0.1,5
"9",111.4005590802,1.6,0.1,5
"10",111.518342115857,1.8,0.1,5
"11",111.623702631515,2,0.1,5
"12",121.003214990403,0,0.2,5
"13",119.393777077969,0.2,0.2,5
"14",120.086924258529,0.4,0.2,5
"15",120.492389366637,0.6,0.2,5
"16",120.780071439089,0.8,0.2,5
"17",121.003214990403,1,0.2,5
"18",121.185536547197,1.2,0.2,5
"19",121.339687227024,1.4,0.2,5
"20",121.473218619649,1.6,0.2,5
"21",121.591001655305,1.8,0.2,5
"22",121.696362170963,2,0.2,5
"23",127.985135081641,0,0.3,5
"24",126.375697169206,0.2,0.3,5
"25",127.068844349766,0.4,0.3,5
"26",127.474309457875,0.6,0.3,5
"27",127.761991530326,0.8,0.3,5
"28",127.985135081641,1,0.3,5
"29",128.167456638434,1.2,0.3,5
"30",128.321607318262,1.4,0.3,5
"31",128.455138710886,1.6,0.3,5
"32",128.572921746543,1.8,0.3,5
"33",128.6782822622,2,0.3,5
"34",132.956824438692,0,0.4,5
"35",131.347386526258,0.2,0.4,5
"36",132.040533706818,0.4,0.4,5
"37",132.445998814926,0.6,0.4,5
"38",132.733680887378,0.8,0.4,5
"39",132.956824438692,1,0.4,5
"40",133.139145995486,1.2,0.4,5
"41",133.293296675314,1.4,0.4,5
"42",133.426828067938,1.6,0.4,5
"43",133.544611103594,1.8,0.4,5
"44",133.649971619252,2,0.4,5
"45",136.430399208122,0,0.5,5
"46",134.820961295687,0.2,0.5,5
"47",135.514108476247,0.4,0.5,5
"48",135.919573584356,0.6,0.5,5
"49",136.207255656807,0.8,0.5,5
"50",136.430399208122,1,0.5,5
"51",136.612720764915,1.2,0.5,5
"52",136.766871444743,1.4,0.5,5
"53",136.900402837367,1.6,0.5,5
"54",137.018185873024,1.8,0.5,5
"55",137.123546388681,2,0.5,5
"56",138.706606745133,0,0.6,5
"57",137.097168832699,0.2,0.6,5
"58",137.790316013259,0.4,0.6,5
"59",138.195781121367,0.6,0.6,5
"60",138.483463193819,0.8,0.6,5
"61",138.706606745133,1,0.6,5
"62",138.888928301927,1.2,0.6,5
"63",139.043078981754,1.4,0.6,5
"64",139.176610374379,1.6,0.6,5
"65",139.294393410035,1.8,0.6,5
"66",139.399753925693,2,0.6,5
"67",139.983339266001,0,0.7,5
"68",138.373901353567,0.2,0.7,5
"69",139.067048534127,0.4,0.7,5
"70",139.472513642235,0.6,0.7,5
"71",139.760195714687,0.8,0.7,5
"72",139.983339266001,1,0.7,5
"73",140.165660822795,1.2,0.7,5
"74",140.319811502622,1.4,0.7,5
"75",140.453342895247,1.6,0.7,5
"76",140.571125930903,1.8,0.7,5
"77",140.676486446561,2,0.7,5
"78",140.400450624546,0,0.8,5
"79",138.791012712112,0.2,0.8,5
"80",139.484159892672,0.4,0.8,5
"81",139.88962500078,0.6,0.8,5
"82",140.177307073232,0.8,0.8,5
"83",140.400450624546,1,0.8,5
"84",140.58277218134,1.2,0.8,5
"85",140.736922861167,1.4,0.8,5
"86",140.870454253792,1.6,0.8,5
"87",140.988237289448,1.8,0.8,5
"88",141.093597805106,2,0.8,5
"89",140.061644966578,0,0.9,5
"90",138.452207054144,0.2,0.9,5
"91",139.145354234704,0.4,0.9,5
"92",139.550819342812,0.6,0.9,5
"93",139.838501415264,0.8,0.9,5
"94",140.061644966578,1,0.9,5
"95",140.243966523372,1.2,0.9,5
"96",140.398117203199,1.4,0.9,5
"97",140.531648595824,1.6,0.9,5
"98",140.64943163148,1.8,0.9,5
"99",140.754792147138,2,0.9,5
"100",139.046659202807,0,1,5
"101",137.437221290373,0.2,1,5
"102",138.130368470933,0.4,1,5
"103",138.535833579041,0.6,1,5
"104",138.823515651493,0.8,1,5
"105",139.046659202807,1,1,5
"106",139.228980759601,1.2,1,5
"107",139.383131439429,1.4,1,5
"108",139.516662832053,1.6,1,5
"109",139.63444586771,1.8,1,5
"110",139.739806383367,2,1,5
"111",111.218444880727,0,0.1,5.25
"112",109.609006968293,0.2,0.1,5.25
"113",110.302154148852,0.4,0.1,5.25
"114",110.707619256961,0.6,0.1,5.25
"115",110.995301329412,0.8,0.1,5.25
"116",111.218444880727,1,0.1,5.25
"117",111.400766437521,1.2,0.1,5.25
"118",111.554917117348,1.4,0.1,5.25
"119",111.688448509972,1.6,0.1,5.25
"120",111.806231545629,1.8,0.1,5.25
"121",111.911592061287,2,0.1,5.25
"122",121.579159453826,0,0.2,5.25
"123",119.969721541391,0.2,0.2,5.25
"124",120.662868721951,0.4,0.2,5.25
"125",121.06833383006,0.6,0.2,5.25
"126",121.356015902511,0.8,0.2,5.25
"127",121.579159453826,1,0.2,5.25
"128",121.761481010619,1.2,0.2,5.25
"129",121.915631690447,1.4,0.2,5.25
"130",122.049163083071,1.6,0.2,5.25
"131",122.166946118728,1.8,0.2,5.25
"132",122.272306634385,2,0.2,5.25
"133",128.849469970692,0,0.3,5.25
"134",127.240032058258,0.2,0.3,5.25
"135",127.933179238818,0.4,0.3,5.25
"136",128.338644346926,0.6,0.3,5.25
"137",128.626326419378,0.8,0.3,5.25
"138",128.849469970692,1,0.3,5.25
"139",129.031791527486,1.2,0.3,5.25
"140",129.185942207313,1.4,0.3,5.25
"141",129.319473599938,1.6,0.3,5.25
"142",129.437256635594,1.8,0.3,5.25
"143",129.542617151252,2,0.3,5.25
"144",134.110063301895,0,0.4,5.25
"145",132.500625389461,0.2,0.4,5.25
"146",133.193772570021,0.4,0.4,5.25
"147",133.599237678129,0.6,0.4,5.25
"148",133.886919750581,0.8,0.4,5.25
"149",134.110063301895,1,0.4,5.25
"150",134.292384858689,1.2,0.4,5.25
"151",134.446535538516,1.4,0.4,5.25
"152",134.580066931141,1.6,0.4,5.25
"153",134.697849966797,1.8,0.4,5.25
"154",134.803210482455,2,0.4,5.25
"155",137.873249578613,0,0.5,5.25
"156",136.263811666179,0.2,0.5,5.25
"157",136.956958846739,0.4,0.5,5.25
"158",137.362423954847,0.6,0.5,5.25
"159",137.650106027299,0.8,0.5,5.25
"160",137.873249578613,1,0.5,5.25
"161",138.055571135407,1.2,0.5,5.25
"162",138.209721815234,1.4,0.5,5.25
"163",138.343253207859,1.6,0.5,5.25
"164",138.461036243515,1.8,0.5,5.25
"165",138.566396759173,2,0.5,5.25
"166",140.4399855123,0,0.6,5.25
"167",138.830547599866,0.2,0.6,5.25
"168",139.523694780426,0.4,0.6,5.25
"169",139.929159888534,0.6,0.6,5.25
"170",140.216841960986,0.8,0.6,5.25
"171",140.4399855123,1,0.6,5.25
"172",140.622307069094,1.2,0.6,5.25
"173",140.776457748921,1.4,0.6,5.25
"174",140.909989141546,1.6,0.6,5.25
"175",141.027772177202,1.8,0.6,5.25
"176",141.13313269286,2,0.6,5.25
"177",142.008400830742,0,0.7,5.25
"178",140.398962918308,0.2,0.7,5.25
"179",141.092110098868,0.4,0.7,5.25
"180",141.497575206976,0.6,0.7,5.25
"181",141.785257279428,0.8,0.7,5.25
"182",142.008400830742,1,0.7,5.25
"183",142.190722387536,1.2,0.7,5.25
"184",142.344873067363,1.4,0.7,5.25
"185",142.478404459988,1.6,0.7,5.25
"186",142.596187495644,1.8,0.7,5.25
"187",142.701548011302,2,0.7,5.25
"188",142.718619135912,0,0.8,5.25
"189",141.109181223478,0.2,0.8,5.25
"190",141.802328404038,0.4,0.8,5.25
"191",142.207793512146,0.6,0.8,5.25
"192",142.495475584598,0.8,0.8,5.25
"193",142.718619135912,1,0.8,5.25
"194",142.900940692706,1.2,0.8,5.25
"195",143.055091372533,1.4,0.8,5.25
"196",143.188622765158,1.6,0.8,5.25
"197",143.306405800814,1.8,0.8,5.25
"198",143.411766316472,2,0.8,5.25
"199",142.674717379127,0,0.9,5.25
"200",141.065279466693,0.2,0.9,5.25
"201",141.758426647253,0.4,0.9,5.25
"202",142.163891755361,0.6,0.9,5.25
"203",142.451573827813,0.8,0.9,5.25
"204",142.674717379127,1,0.9,5.25
"205",142.857038935921,1.2,0.9,5.25
"206",143.011189615749,1.4,0.9,5.25
"207",143.144721008373,1.6,0.9,5.25
"208",143.262504044029,1.8,0.9,5.25
"209",143.367864559687,2,0.9,5.25
"210",141.956662546844,0,1,5.25
"211",140.34722463441,0.2,1,5.25
"212",141.04037181497,0.4,1,5.25
"213",141.445836923079,0.6,1,5.25
"214",141.73351899553,0.8,1,5.25
"215",141.956662546844,1,1,5.25
"216",142.138984103638,1.2,1,5.25
"217",142.293134783466,1.4,1,5.25
"218",142.42666617609,1.6,1,5.25
"219",142.544449211747,1.8,1,5.25
"220",142.649809727404,2,1,5.25
"221",111.492936772488,0,0.1,5.5
"222",109.883498860054,0.2,0.1,5.5
"223",110.576646040614,0.4,0.1,5.5
"224",110.982111148722,0.6,0.1,5.5
"225",111.269793221174,0.8,0.1,5.5
"226",111.492936772488,1,0.1,5.5
"227",111.675258329282,1.2,0.1,5.5
"228",111.829409009109,1.4,0.1,5.5
"229",111.962940401734,1.6,0.1,5.5
"230",112.08072343739,1.8,0.1,5.5
"231",112.186083953048,2,0.1,5.5
"232",122.128286693773,0,0.2,5.5
"233",120.518848781339,0.2,0.2,5.5
"234",121.211995961899,0.4,0.2,5.5
"235",121.617461070007,0.6,0.2,5.5
"236",121.905143142459,0.8,0.2,5.5
"237",122.128286693773,1,0.2,5.5
"238",122.310608250567,1.2,0.2,5.5
"239",122.464758930394,1.4,0.2,5.5
"240",122.598290323019,1.6,0.2,5.5
"241",122.716073358675,1.8,0.2,5.5
"242",122.821433874333,2,0.2,5.5
"243",129.673522768336,0,0.3,5.5
"244",128.064084855902,0.2,0.3,5.5
"245",128.757232036462,0.4,0.3,5.5
"246",129.16269714457,0.6,0.3,5.5
"247",129.450379217022,0.8,0.3,5.5
"248",129.673522768336,1,0.3,5.5
"249",129.85584432513,1.2,0.3,5.5
"250",130.009995004957,1.4,0.3,5.5
"251",130.143526397582,1.6,0.3,5.5
"252",130.261309433238,1.8,0.3,5.5
"253",130.366669948896,2,0.3,5.5
"254",135.209485213153,0,0.4,5.5
"255",133.600047300719,0.2,0.4,5.5
"256",134.293194481279,0.4,0.4,5.5
"257",134.698659589387,0.6,0.4,5.5
"258",134.986341661839,0.8,0.4,5.5
"259",135.209485213153,1,0.4,5.5
"260",135.391806769947,1.2,0.4,5.5
"261",135.545957449774,1.4,0.4,5.5
"262",135.679488842399,1.6,0.4,5.5
"263",135.797271878055,1.8,0.4,5.5
"264",135.902632393713,2,0.4,5.5
"265",139.248649741393,0,0.5,5.5
"266",137.639211828959,0.2,0.5,5.5
"267",138.332359009519,0.4,0.5,5.5
"268",138.737824117627,0.6,0.5,5.5
"269",139.025506190079,0.8,0.5,5.5
"270",139.248649741393,1,0.5,5.5
"271",139.430971298187,1.2,0.5,5.5
"272",139.585121978014,1.4,0.5,5.5
"273",139.718653370639,1.6,0.5,5.5
"274",139.836436406295,1.8,0.5,5.5
"275",139.941796921953,2,0.5,5.5
"276",142.092150855453,0,0.6,5.5
"277",140.482712943019,0.2,0.6,5.5
"278",141.175860123579,0.4,0.6,5.5
"279",141.581325231687,0.6,0.6,5.5
"280",141.869007304139,0.8,0.6,5.5
"281",142.092150855453,1,0.6,5.5
"282",142.274472412247,1.2,0.6,5.5
"283",142.428623092075,1.4,0.6,5.5
"284",142.562154484699,1.6,0.6,5.5
"285",142.679937520355,1.8,0.6,5.5
"286",142.785298036013,2,0.6,5.5
"287",143.938317737924,0,0.7,5.5
"288",142.32887982549,0.2,0.7,5.5
"289",143.02202700605,0.4,0.7,5.5
"290",143.427492114158,0.6,0.7,5.5
"291",143.71517418661,0.8,0.7,5.5
"292",143.938317737924,1,0.7,5.5
"293",144.120639294718,1.2,0.7,5.5
"294",144.274789974545,1.4,0.7,5.5
"295",144.40832136717,1.6,0.7,5.5
"296",144.526104402826,1.8,0.7,5.5
"297",144.631464918484,2,0.7,5.5
"298",144.927498332458,0,0.8,5.5
"299",143.318060420024,0.2,0.8,5.5
"300",144.011207600584,0.4,0.8,5.5
"301",144.416672708692,0.6,0.8,5.5
"302",144.704354781144,0.8,0.8,5.5
"303",144.927498332458,1,0.8,5.5
"304",145.109819889252,1.2,0.8,5.5
"305",145.263970569079,1.4,0.8,5.5
"306",145.397501961704,1.6,0.8,5.5
"307",145.51528499736,1.8,0.8,5.5
"308",145.620645513018,2,0.8,5.5
"309",145.164025835643,0,0.9,5.5
"310",143.554587923209,0.2,0.9,5.5
"311",144.247735103769,0.4,0.9,5.5
"312",144.653200211877,0.6,0.9,5.5
"313",144.940882284329,0.8,0.9,5.5
"314",145.164025835643,1,0.9,5.5
"315",145.346347392437,1.2,0.9,5.5
"316",145.500498072264,1.4,0.9,5.5
"317",145.634029464889,1.6,0.9,5.5
"318",145.751812500545,1.8,0.9,5.5
"319",145.857173016203,2,0.9,5.5
"320",144.72819632381,0,1,5.5
"321",143.118758411376,0.2,1,5.5
"322",143.811905591936,0.4,1,5.5
"323",144.217370700044,0.6,1,5.5
"324",144.505052772496,0.8,1,5.5
"325",144.72819632381,1,1,5.5
"326",144.910517880604,1.2,1,5.5
"327",145.064668560431,1.4,1,5.5
"328",145.198199953056,1.6,1,5.5
"329",145.315982988712,1.8,1,5.5
"330",145.42134350437,2,1,5.5
"331",111.755222932808,0,0.1,5.75
"332",110.145785020374,0.2,0.1,5.75
"333",110.838932200934,0.4,0.1,5.75
"334",111.244397309042,0.6,0.1,5.75
"335",111.532079381494,0.8,0.1,5.75
"336",111.755222932808,1,0.1,5.75
"337",111.937544489602,1.2,0.1,5.75
"338",112.091695169429,1.4,0.1,5.75
"339",112.225226562054,1.6,0.1,5.75
"340",112.34300959771,1.8,0.1,5.75
"341",112.448370113368,2,0.1,5.75
"342",122.652984106475,0,0.2,5.75
"343",121.043546194041,0.2,0.2,5.75
"344",121.7366933746,0.4,0.2,5.75
"345",122.142158482709,0.6,0.2,5.75
"346",122.42984055516,0.8,0.2,5.75
"347",122.652984106475,1,0.2,5.75
"348",122.835305663269,1.2,0.2,5.75
"349",122.989456343096,1.4,0.2,5.75
"350",123.12298773572,1.6,0.2,5.75
"351",123.240770771377,1.8,0.2,5.75
"352",123.346131287035,2,0.2,5.75
"353",130.460884243283,0,0.3,5.75
"354",128.851446330849,0.2,0.3,5.75
"355",129.544593511409,0.4,0.3,5.75
"356",129.950058619517,0.6,0.3,5.75
"357",130.237740691969,0.8,0.3,5.75
"358",130.460884243283,1,0.3,5.75
"359",130.643205800077,1.2,0.3,5.75
"360",130.797356479904,1.4,0.3,5.75
"361",130.930887872529,1.6,0.3,5.75
"362",131.048670908185,1.8,0.3,5.75
"363",131.154031423843,2,0.3,5.75
"364",136.259896529494,0,0.4,5.75
"365",134.65045861706,0.2,0.4,5.75
"366",135.34360579762,0.4,0.4,5.75
"367",135.749070905728,0.6,0.4,5.75
"368",136.03675297818,0.8,0.4,5.75
"369",136.259896529494,1,0.4,5.75
"370",136.442218086288,1.2,0.4,5.75
"371",136.596368766115,1.4,0.4,5.75
"372",136.72990015874,1.6,0.4,5.75
"373",136.847683194396,1.8,0.4,5.75
"374",136.953043710054,2,0.4,5.75
"375",140.562644810025,0,0.5,5.75
"376",138.953206897591,0.2,0.5,5.75
"377",139.646354078151,0.4,0.5,5.75
"378",140.051819186259,0.6,0.5,5.75
"379",140.339501258711,0.8,0.5,5.75
"380",140.562644810025,1,0.5,5.75
"381",140.744966366819,1.2,0.5,5.75
"382",140.899117046646,1.4,0.5,5.75
"383",141.032648439271,1.6,0.5,5.75
"384",141.150431474927,1.8,0.5,5.75
"385",141.255791990585,2,0.5,5.75
"386",143.670399192183,0,0.6,5.75
"387",142.060961279749,0.2,0.6,5.75
"388",142.754108460309,0.4,0.6,5.75
"389",143.159573568417,0.6,0.6,5.75
"390",143.447255640869,0.8,0.6,5.75
"391",143.670399192183,1,0.6,5.75
"392",143.852720748977,1.2,0.6,5.75
"393",144.006871428804,1.4,0.6,5.75
"394",144.140402821428,1.6,0.6,5.75
"395",144.258185857085,1.8,0.6,5.75
"396",144.363546372743,2,0.6,5.75
"397",145.781674837384,0,0.7,5.75
"398",144.17223692495,0.2,0.7,5.75
"399",144.86538410551,0.4,0.7,5.75
"400",145.270849213618,0.6,0.7,5.75
"401",145.55853128607,0.8,0.7,5.75
"402",145.781674837384,1,0.7,5.75
"403",145.963996394178,1.2,0.7,5.75
"404",146.118147074006,1.4,0.7,5.75
"405",146.25167846663,1.6,0.7,5.75
"406",146.369461502286,1.8,0.7,5.75
"407",146.474822017944,2,0.7,5.75
"408",147.037002816936,0,0.8,5.75
"409",145.427564904502,0.2,0.8,5.75
"410",146.120712085061,0.4,0.8,5.75
"411",146.52617719317,0.6,0.8,5.75
"412",146.813859265621,0.8,0.8,5.75
"413",147.037002816936,1,0.8,5.75
"414",147.21932437373,1.2,0.8,5.75
"415",147.373475053557,1.4,0.8,5.75
"416",147.507006446181,1.6,0.8,5.75
"417",147.624789481838,1.8,0.8,5.75
"418",147.730149997496,2,0.8,5.75
"419",147.540929833181,0,0.9,5.75
"420",145.931491920747,0.2,0.9,5.75
"421",146.624639101307,0.4,0.9,5.75
"422",147.030104209415,0.6,0.9,5.75
"423",147.317786281867,0.8,0.9,5.75
"424",147.540929833181,1,0.9,5.75
"425",147.723251389975,1.2,0.9,5.75
"426",147.877402069803,1.4,0.9,5.75
"427",148.010933462427,1.6,0.9,5.75
"428",148.128716498084,1.8,0.9,5.75
"429",148.234077013741,2,0.9,5.75
"430",147.374069994071,0,1,5.75
"431",145.764632081637,0.2,1,5.75
"432",146.457779262197,0.4,1,5.75
"433",146.863244370305,0.6,1,5.75
"434",147.150926442757,0.8,1,5.75
"435",147.374069994071,1,1,5.75
"436",147.556391550865,1.2,1,5.75
"437",147.710542230692,1.4,1,5.75
"438",147.844073623316,1.6,1,5.75
"439",147.961856658973,1.8,1,5.75
"440",148.067217174631,2,1,5.75
"441",112.006342876751,0,0.1,6
"442",110.396904964317,0.2,0.1,6
"443",111.090052144877,0.4,0.1,6
"444",111.495517252985,0.6,0.1,6
"445",111.783199325437,0.8,0.1,6
"446",112.006342876751,1,0.1,6
"447",112.188664433545,1.2,0.1,6
"448",112.342815113373,1.4,0.1,6
"449",112.476346505997,1.6,0.1,6
"450",112.594129541654,1.8,0.1,6
"451",112.699490057311,2,0.1,6
"452",123.155333730037,0,0.2,6
"453",121.545895817603,0.2,0.2,6
"454",122.239042998163,0.4,0.2,6
"455",122.644508106271,0.6,0.2,6
"456",122.932190178722,0.8,0.2,6
"457",123.155333730037,1,0.2,6
"458",123.337655286831,1.2,0.2,6
"459",123.491805966658,1.4,0.2,6
"460",123.625337359282,1.6,0.2,6
"461",123.743120394939,1.8,0.2,6
"462",123.848480910597,2,0.2,6
"463",131.214685130018,0,0.3,6
"464",129.605247217584,0.2,0.3,6
"465",130.298394398144,0.4,0.3,6
"466",130.703859506253,0.6,0.3,6
"467",130.991541578704,0.8,0.3,6
"468",131.214685130018,1,0.3,6
"469",131.397006686812,1.2,0.3,6
"470",131.55115736664,1.4,0.3,6
"471",131.684688759264,1.6,0.3,6
"472",131.802471794921,1.8,0.3,6
"473",131.907832310578,2,0.3,6
"474",137.265486335244,0,0.4,6
"475",135.65604842281,0.2,0.4,6
"476",136.34919560337,0.4,0.4,6
"477",136.754660711478,0.6,0.4,6
"478",137.042342783929,0.8,0.4,6
"479",137.265486335244,1,0.4,6
"480",137.447807892038,1.2,0.4,6
"481",137.601958571865,1.4,0.4,6
"482",137.735489964489,1.6,0.4,6
"483",137.853273000146,1.8,0.4,6
"484",137.958633515804,2,0.4,6
"485",141.820483599528,0,0.5,6
"486",140.211045687094,0.2,0.5,6
"487",140.904192867654,0.4,0.5,6
"488",141.309657975762,0.6,0.5,6
"489",141.597340048214,0.8,0.5,6
"490",141.820483599528,1,0.5,6
"491",142.002805156322,1.2,0.5,6
"492",142.156955836149,1.4,0.5,6
"493",142.290487228774,1.6,0.5,6
"494",142.40827026443,1.8,0.5,6
"495",142.513630780088,2,0.5,6
"496",145.181082393566,0,0.6,6
"497",143.571644481132,0.2,0.6,6
"498",144.264791661692,0.4,0.6,6
"499",144.6702567698,0.6,0.6,6
"500",144.957938842252,0.8,0.6,6
"501",145.181082393566,1,0.6,6
"502",145.36340395036,1.2,0.6,6
"503",145.517554630187,1.4,0.6,6
"504",145.651086022812,1.6,0.6,6
"505",145.768869058468,1.8,0.6,6
"506",145.874229574126,2,0.6,6
"507",147.545939035715,0,0.7,6
"508",145.93650112328,0.2,0.7,6
"509",146.62964830384,0.4,0.7,6
"510",147.035113411949,0.6,0.7,6
"511",147.3227954844,0.8,0.7,6
"512",147.545939035715,1,0.7,6
"513",147.728260592509,1.2,0.7,6
"514",147.882411272336,1.4,0.7,6
"515",148.01594266496,1.6,0.7,6
"516",148.133725700617,1.8,0.7,6
"517",148.239086216275,2,0.7,6
"518",149.055746195005,0,0.8,6
"519",147.446308282571,0.2,0.8,6
"520",148.139455463131,0.4,0.8,6
"521",148.544920571239,0.6,0.8,6
"522",148.832602643691,0.8,0.8,6
"523",149.055746195005,1,0.8,6
"524",149.238067751799,1.2,0.8,6
"525",149.392218431627,1.4,0.8,6
"526",149.525749824251,1.6,0.8,6
"527",149.643532859908,1.8,0.8,6
"528",149.748893375565,2,0.8,6
"529",149.815230431524,0,0.9,6
"530",148.20579251909,0.2,0.9,6
"531",148.89893969965,0.4,0.9,6
"532",149.304404807758,0.6,0.9,6
"533",149.59208688021,0.8,0.9,6
"534",149.815230431524,1,0.9,6
"535",149.997551988318,1.2,0.9,6
"536",150.151702668145,1.4,0.9,6
"537",150.28523406077,1.6,0.9,6
"538",150.403017096426,1.8,0.9,6
"539",150.508377612084,2,0.9,6
"540",149.905209639049,0,1,6
"541",148.295771726615,0.2,1,6
"542",148.988918907175,0.4,1,6
"543",149.394384015283,0.6,1,6
"544",149.682066087735,0.8,1,6
"545",149.905209639049,1,1,6
"546",150.087531195843,1.2,1,6
"547",150.24168187567,1.4,1,6
"548",150.375213268295,1.6,1,6
"549",150.492996303951,1.8,1,6
"550",150.598356819609,2,1,6
"551",112.24720871982,0,0.1,6.25
"552",110.637770807386,0.2,0.1,6.25
"553",111.330917987946,0.4,0.1,6.25
"554",111.736383096054,0.6,0.1,6.25
"555",112.024065168506,0.8,0.1,6.25
"556",112.24720871982,1,0.1,6.25
"557",112.429530276614,1.2,0.1,6.25
"558",112.583680956442,1.4,0.1,6.25
"559",112.717212349066,1.6,0.1,6.25
"560",112.834995384723,1.8,0.1,6.25
"561",112.94035590038,2,0.1,6.25
"562",123.637162211495,0,0.2,6.25
"563",122.027724299061,0.2,0.2,6.25
"564",122.720871479621,0.4,0.2,6.25
"565",123.126336587729,0.6,0.2,6.25
"566",123.41401866018,0.8,0.2,6.25
"567",123.637162211495,1,0.2,6.25
"568",123.819483768289,1.2,0.2,6.25
"569",123.973634448116,1.4,0.2,6.25
"570",124.10716584074,1.6,0.2,6.25
"571",124.224948876397,1.8,0.2,6.25
"572",124.330309392055,2,0.2,6.25
"573",131.937671555118,0,0.3,6.25
"574",130.328233642684,0.2,0.3,6.25
"575",131.021380823244,0.4,0.3,6.25
"576",131.426845931352,0.6,0.3,6.25
"577",131.714528003804,0.8,0.3,6.25
"578",131.937671555118,1,0.3,6.25
"579",132.119993111912,1.2,0.3,6.25
"580",132.274143791739,1.4,0.3,6.25
"581",132.407675184364,1.6,0.3,6.25
"582",132.52545822002,1.8,0.3,6.25
"583",132.630818735678,2,0.3,6.25
"584",138.229927948396,0,0.4,6.25
"585",136.620490035962,0.2,0.4,6.25
"586",137.313637216522,0.4,0.4,6.25
"587",137.71910232463,0.6,0.4,6.25
"588",138.006784397082,0.8,0.4,6.25
"589",138.229927948396,1,0.4,6.25
"590",138.41224950519,1.2,0.4,6.25
"591",138.566400185017,1.4,0.4,6.25
"592",138.699931577641,1.6,0.4,6.25
"593",138.817714613298,1.8,0.4,6.25
"594",138.923075128956,2,0.4,6.25
"595",143.026784728141,0,0.5,6.25
"596",141.417346815707,0.2,0.5,6.25
"597",142.110493996267,0.4,0.5,6.25
"598",142.515959104375,0.6,0.5,6.25
"599",142.803641176826,0.8,0.5,6.25
"600",143.026784728141,1,0.5,6.25
"601",143.209106284935,1.2,0.5,6.25
"602",143.363256964762,1.4,0.5,6.25
"603",143.496788357386,1.6,0.5,6.25
"604",143.614571393043,1.8,0.5,6.25
"605",143.719931908701,2,0.5,6.25
"606",146.629764671034,0,0.6,6.25
"607",145.0203267586,0.2,0.6,6.25
"608",145.71347393916,0.4,0.6,6.25
"609",146.118939047268,0.6,0.6,6.25
"610",146.40662111972,0.8,0.6,6.25
"611",146.629764671034,1,0.6,6.25
"612",146.812086227828,1.2,0.6,6.25
"613",146.966236907655,1.4,0.6,6.25
"614",147.09976830028,1.6,0.6,6.25
"615",147.217551335936,1.8,0.6,6.25
"616",147.322911851594,2,0.6,6.25
"617",149.237646414457,0,0.7,6.25
"618",147.628208502023,0.2,0.7,6.25
"619",148.321355682583,0.4,0.7,6.25
"620",148.726820790691,0.6,0.7,6.25
"621",149.014502863142,0.8,0.7,6.25
"622",149.237646414457,1,0.7,6.25
"623",149.419967971251,1.2,0.7,6.25
"624",149.574118651078,1.4,0.7,6.25
"625",149.707650043702,1.6,0.7,6.25
"626",149.825433079359,1.8,0.7,6.25
"627",149.930793595017,2,0.7,6.25
"628",150.991261034443,0,0.8,6.25
"629",149.381823122009,0.2,0.8,6.25
"630",150.074970302568,0.4,0.8,6.25
"631",150.480435410677,0.6,0.8,6.25
"632",150.768117483128,0.8,0.8,6.25
"633",150.991261034443,1,0.8,6.25
"634",151.173582591237,1.2,0.8,6.25
"635",151.327733271064,1.4,0.8,6.25
"636",151.461264663688,1.6,0.8,6.25
"637",151.579047699345,1.8,0.8,6.25
"638",151.684408215003,2,0.8,6.25
"639",151.995488094961,0,0.9,6.25
"640",150.386050182527,0.2,0.9,6.25
"641",151.079197363087,0.4,0.9,6.25
"642",151.484662471195,0.6,0.9,6.25
"643",151.772344543647,0.8,0.9,6.25
"644",151.995488094961,1,0.9,6.25
"645",152.177809651755,1.2,0.9,6.25
"646",152.331960331582,1.4,0.9,6.25
"647",152.465491724207,1.6,0.9,6.25
"648",152.583274759863,1.8,0.9,6.25
"649",152.688635275521,2,0.9,6.25
"650",152.331317460458,0,1,6.25
"651",150.721879548024,0.2,1,6.25
"652",151.415026728584,0.4,1,6.25
"653",151.820491836692,0.6,1,6.25
"654",152.108173909144,0.8,1,6.25
"655",152.331317460458,1,1,6.25
"656",152.513639017252,1.2,1,6.25
"657",152.667789697079,1.4,1,6.25
"658",152.801321089703,1.6,1,6.25
"659",152.91910412536,1.8,1,6.25
"660",153.024464641018,2,1,6.25
"661",112.478625182908,0,0.1,6.5
"662",110.869187270474,0.2,0.1,6.5
"663",111.562334451034,0.4,0.1,6.5
"664",111.967799559142,0.6,0.1,6.5
"665",112.255481631594,0.8,0.1,6.5
"666",112.478625182908,1,0.1,6.5
"667",112.660946739702,1.2,0.1,6.5
"668",112.815097419529,1.4,0.1,6.5
"669",112.948628812154,1.6,0.1,6.5
"670",113.06641184781,1.8,0.1,6.5
"671",113.171772363468,2,0.1,6.5
"672",124.100080951278,0,0.2,6.5
"673",122.490643038844,0.2,0.2,6.5
"674",123.183790219403,0.4,0.2,6.5
"675",123.589255327512,0.6,0.2,6.5
"676",123.876937399963,0.8,0.2,6.5
"677",124.100080951278,1,0.2,6.5
"678",124.282402508072,1.2,0.2,6.5
"679",124.436553187899,1.4,0.2,6.5
"680",124.570084580523,1.6,0.2,6.5
"681",124.68786761618,1.8,0.2,6.5
"682",124.793228131838,2,0.2,6.5
"683",132.632265602356,0,0.3,6.5
"684",131.022827689922,0.2,0.3,6.5
"685",131.715974870482,0.4,0.3,6.5
"686",132.12143997859,0.6,0.3,6.5
"687",132.409122051042,0.8,0.3,6.5
"688",132.632265602356,1,0.3,6.5
"689",132.81458715915,1.2,0.3,6.5
"690",132.968737838977,1.4,0.3,6.5
"691",133.102269231602,1.6,0.3,6.5
"692",133.220052267258,1.8,0.3,6.5
"693",133.325412782916,2,0.3,6.5
"694",139.156460358089,0,0.4,6.5
"695",137.547022445655,0.2,0.4,6.5
"696",138.240169626215,0.4,0.4,6.5
"697",138.645634734323,0.6,0.4,6.5
"698",138.933316806775,0.8,0.4,6.5
"699",139.156460358089,1,0.4,6.5
"700",139.338781914883,1.2,0.4,6.5
"701",139.49293259471,1.4,0.4,6.5
"702",139.626463987335,1.6,0.4,6.5
"703",139.744247022991,1.8,0.4,6.5
"704",139.849607538649,2,0.4,6.5
"705",144.18561279016,0,0.5,6.5
"706",142.576174877726,0.2,0.5,6.5
"707",143.269322058286,0.4,0.5,6.5
"708",143.674787166394,0.6,0.5,6.5
"709",143.962469238846,0.8,0.5,6.5
"710",144.18561279016,1,0.5,6.5
"711",144.367934346954,1.2,0.5,6.5
"712",144.522085026781,1.4,0.5,6.5
"713",144.655616419406,1.6,0.5,6.5
"714",144.773399455062,1.8,0.5,6.5
"715",144.87875997072,2,0.5,6.5
"716",148.021348066308,0,0.6,6.5
"717",146.411910153874,0.2,0.6,6.5
"718",147.105057334434,0.4,0.6,6.5
"719",147.510522442542,0.6,0.6,6.5
"720",147.798204514994,0.8,0.6,6.5
"721",148.021348066308,1,0.6,6.5
"722",148.203669623102,1.2,0.6,6.5
"723",148.357820302929,1.4,0.6,6.5
"724",148.491351695554,1.6,0.6,6.5
"725",148.60913473121,1.8,0.6,6.5
"726",148.714495246868,2,0.6,6.5
"727",150.862551542985,0,0.7,6.5
"728",149.253113630551,0.2,0.7,6.5
"729",149.946260811111,0.4,0.7,6.5
"730",150.351725919219,0.6,0.7,6.5
"731",150.639407991671,0.8,0.7,6.5
"732",150.862551542985,1,0.7,6.5
"733",151.044873099779,1.2,0.7,6.5
"734",151.199023779606,1.4,0.7,6.5
"735",151.332555172231,1.6,0.7,6.5
"736",151.450338207887,1.8,0.7,6.5
"737",151.555698723545,2,0.7,6.5
"738",152.850173818857,0,0.8,6.5
"739",151.240735906423,0.2,0.8,6.5
"740",151.933883086983,0.4,0.8,6.5
"741",152.339348195091,0.6,0.8,6.5
"742",152.627030267543,0.8,0.8,6.5
"743",152.850173818857,1,0.8,6.5
"744",153.032495375651,1.2,0.8,6.5
"745",153.186646055479,1.4,0.8,6.5
"746",153.320177448103,1.6,0.8,6.5
"747",153.437960483759,1.8,0.8,6.5
"748",153.543320999417,2,0.8,6.5
"749",154.089225765629,0,0.9,6.5
"750",152.479787853195,0.2,0.9,6.5
"751",153.172935033755,0.4,0.9,6.5
"752",153.578400141863,0.6,0.9,6.5
"753",153.866082214315,0.8,0.9,6.5
"754",154.089225765629,1,0.9,6.5
"755",154.271547322423,1.2,0.9,6.5
"756",154.42569800225,1.4,0.9,6.5
"757",154.559229394874,1.6,0.9,6.5
"758",154.677012430531,1.8,0.9,6.5
"759",154.782372946189,2,0.9,6.5
"760",154.66084375027,0,1,6.5
"761",153.051405837836,0.2,1,6.5
"762",153.744553018396,0.4,1,6.5
"763",154.150018126504,0.6,1,6.5
"764",154.437700198956,0.8,1,6.5
"765",154.66084375027,1,1,6.5
"766",154.843165307064,1.2,1,6.5
"767",154.997315986891,1.4,1,6.5
"768",155.130847379516,1.6,1,6.5
"769",155.248630415172,1.8,1,6.5
"770",155.35399093083,2,1,6.5
"771",112.701305818299,0,0.1,6.75
"772",111.091867905865,0.2,0.1,6.75
"773",111.785015086425,0.4,0.1,6.75
"774",112.190480194533,0.6,0.1,6.75
"775",112.478162266985,0.8,0.1,6.75
"776",112.701305818299,1,0.1,6.75
"777",112.883627375093,1.2,0.1,6.75
"778",113.03777805492,1.4,0.1,6.75
"779",113.171309447545,1.6,0.1,6.75
"780",113.289092483201,1.8,0.1,6.75
"781",113.394452998859,2,0.1,6.75
"782",124.545518655373,0,0.2,6.75
"783",122.936080742939,0.2,0.2,6.75
"784",123.629227923499,0.4,0.2,6.75
"785",124.034693031607,0.6,0.2,6.75
"786",124.322375104059,0.8,0.2,6.75
"787",124.545518655373,1,0.2,6.75
"788",124.727840212167,1.2,0.2,6.75
"789",124.881990891995,1.4,0.2,6.75
"790",125.015522284619,1.6,0.2,6.75
"791",125.133305320276,1.8,0.2,6.75
"792",125.238665835933,2,0.2,6.75
"793",133.300614399591,0,0.3,6.75
"794",131.691176487156,0.2,0.3,6.75
"795",132.384323667716,0.4,0.3,6.75
"796",132.789788775825,0.6,0.3,6.75
"797",133.077470848276,0.8,0.3,6.75
"798",133.300614399591,1,0.3,6.75
"799",133.482935956384,1.2,0.3,6.75
"800",133.637086636212,1.4,0.3,6.75
"801",133.770618028836,1.6,0.3,6.75
"802",133.888401064493,1.8,0.3,6.75
"803",133.99376158015,2,0.3,6.75
"804",140.047954179627,0,0.4,6.75
"805",138.438516267193,0.2,0.4,6.75
"806",139.131663447753,0.4,0.4,6.75
"807",139.537128555861,0.6,0.4,6.75
"808",139.824810628312,0.8,0.4,6.75
"809",140.047954179627,1,0.4,6.75
"810",140.230275736421,1.2,0.4,6.75
"811",140.384426416248,1.4,0.4,6.75
"812",140.517957808872,1.6,0.4,6.75
"813",140.635740844529,1.8,0.4,6.75
"814",140.741101360187,2,0.4,6.75
"815",145.300568947316,0,0.5,6.75
"816",143.691131034882,0.2,0.5,6.75
"817",144.384278215442,0.4,0.5,6.75
"818",144.78974332355,0.6,0.5,6.75
"819",145.077425396002,0.8,0.5,6.75
"820",145.300568947316,1,0.5,6.75
"821",145.48289050411,1.2,0.5,6.75
"822",145.637041183937,1.4,0.5,6.75
"823",145.770572576561,1.6,0.5,6.75
"824",145.888355612218,1.8,0.5,6.75
"825",145.993716127876,2,0.5,6.75
"826",149.360173823198,0,0.6,6.75
"827",147.750735910764,0.2,0.6,6.75
"828",148.443883091324,0.4,0.6,6.75
"829",148.849348199432,0.6,0.6,6.75
"830",149.137030271884,0.8,0.6,6.75
"831",149.360173823198,1,0.6,6.75
"832",149.542495379992,1.2,0.6,6.75
"833",149.696646059819,1.4,0.6,6.75
"834",149.830177452444,1.6,0.6,6.75
"835",149.9479604881,1.8,0.6,6.75
"836",150.053321003758,2,0.6,6.75
"837",152.425747851324,0,0.7,6.75
"838",150.81630993889,0.2,0.7,6.75
"839",151.50945711945,0.4,0.7,6.75
"840",151.914922227558,0.6,0.7,6.75
"841",152.20260430001,0.8,0.7,6.75
"842",152.425747851324,1,0.7,6.75
"843",152.608069408118,1.2,0.7,6.75
"844",152.762220087946,1.4,0.7,6.75
"845",152.89575148057,1.6,0.7,6.75
"846",153.013534516227,1.8,0.7,6.75
"847",153.118895031884,2,0.7,6.75
"848",154.638345611728,0,0.8,6.75
"849",153.028907699294,0.2,0.8,6.75
"850",153.722054879854,0.4,0.8,6.75
"851",154.127519987962,0.6,0.8,6.75
"852",154.415202060414,0.8,0.8,6.75
"853",154.638345611728,1,0.8,6.75
"854",154.820667168522,1.2,0.8,6.75
"855",154.974817848349,1.4,0.8,6.75
"856",155.108349240974,1.6,0.8,6.75
"857",155.22613227663,1.8,0.8,6.75
"858",155.331492792288,2,0.8,6.75
"859",156.103091559269,0,0.9,6.75
"860",154.493653646835,0.2,0.9,6.75
"861",155.186800827395,0.4,0.9,6.75
"862",155.592265935503,0.6,0.9,6.75
"863",155.879948007954,0.8,0.9,6.75
"864",156.103091559269,1,0.9,6.75
"865",156.285413116063,1.2,0.9,6.75
"866",156.43956379589,1.4,0.9,6.75
"867",156.573095188514,1.6,0.9,6.75
"868",156.690878224171,1.8,0.9,6.75
"869",156.796238739829,2,0.9,6.75
"870",156.901247935844,0,1,6.75
"871",155.29181002341,0.2,1,6.75
"872",155.98495720397,0.4,1,6.75
"873",156.390422312078,0.6,1,6.75
"874",156.67810438453,0.8,1,6.75
"875",156.901247935844,1,1,6.75
"876",157.083569492638,1.2,1,6.75
"877",157.237720172466,1.4,1,6.75
"878",157.37125156509,1.6,1,6.75
"879",157.489034600747,1.8,1,6.75
"880",157.594395116404,2,1,6.75
"881",112.915886282288,0,0.1,7
"882",111.306448369854,0.2,0.1,7
"883",111.999595550414,0.4,0.1,7
"884",112.405060658522,0.6,0.1,7
"885",112.692742730974,0.8,0.1,7
"886",112.915886282288,1,0.1,7
"887",113.098207839082,1.2,0.1,7
"888",113.25235851891,1.4,0.1,7
"889",113.385889911534,1.6,0.1,7
"890",113.503672947191,1.8,0.1,7
"891",113.609033462848,2,0.1,7
"892",124.974747956028,0,0.2,7
"893",123.365310043594,0.2,0.2,7
"894",124.058457224154,0.4,0.2,7
"895",124.463922332262,0.6,0.2,7
"896",124.751604404713,0.8,0.2,7
"897",124.974747956028,1,0.2,7
"898",125.157069512822,1.2,0.2,7
"899",125.311220192649,1.4,0.2,7
"900",125.444751585273,1.6,0.2,7
"901",125.56253462093,1.8,0.2,7
"902",125.667895136588,2,0.2,7
"903",133.944630244197,0,0.3,7
"904",132.335192331763,0.2,0.3,7
"905",133.028339512323,0.4,0.3,7
"906",133.433804620431,0.6,0.3,7
"907",133.721486692882,0.8,0.3,7
"908",133.944630244197,1,0.3,7
"909",134.126951800991,1.2,0.3,7
"910",134.281102480818,1.4,0.3,7
"911",134.414633873442,1.6,0.3,7
"912",134.532416909099,1.8,0.3,7
"913",134.637777424757,2,0.3,7
"914",140.906965533957,0,0.4,7
"915",139.297527621523,0.2,0.4,7
"916",139.990674802083,0.4,0.4,7
"917",140.396139910191,0.6,0.4,7
"918",140.683821982643,0.8,0.4,7
"919",140.906965533957,1,0.4,7
"920",141.089287090751,1.2,0.4,7
"921",141.243437770578,1.4,0.4,7
"922",141.376969163202,1.6,0.4,7
"923",141.494752198859,1.8,0.4,7
"924",141.600112714517,2,0.4,7
"925",146.374858921436,0,0.5,7
"926",144.765421009002,0.2,0.5,7
"927",145.458568189562,0.4,0.5,7
"928",145.86403329767,0.6,0.5,7
"929",146.151715370122,0.8,0.5,7
"930",146.374858921436,1,0.5,7
"931",146.55718047823,1.2,0.5,7
"932",146.711331158057,1.4,0.5,7
"933",146.844862550682,1.6,0.5,7
"934",146.962645586338,1.8,0.5,7
"935",147.068006101996,2,0.5,7
"936",150.650111158738,0,0.6,7
"937",149.040673246304,0.2,0.6,7
"938",149.733820426864,0.4,0.6,7
"939",150.139285534972,0.6,0.6,7
"940",150.426967607424,0.8,0.6,7
"941",150.650111158738,1,0.6,7
"942",150.832432715532,1.2,0.6,7
"943",150.986583395359,1.4,0.6,7
"944",151.120114787983,1.6,0.6,7
"945",151.23789782364,1.8,0.6,7
"946",151.343258339298,2,0.6,7
"947",153.931765579011,0,0.7,7
"948",152.322327666576,0.2,0.7,7
"949",153.015474847136,0.4,0.7,7
"950",153.420939955245,0.6,0.7,7
"951",153.708622027696,0.8,0.7,7
"952",153.931765579011,1,0.7,7
"953",154.114087135805,1.2,0.7,7
"954",154.268237815632,1.4,0.7,7
"955",154.401769208256,1.6,0.7,7
"956",154.519552243913,1.8,0.7,7
"957",154.624912759571,2,0.7,7
"958",156.360986256101,0,0.8,7
"959",154.751548343666,0.2,0.8,7
"960",155.444695524226,0.4,0.8,7
"961",155.850160632335,0.6,0.8,7
"962",156.137842704786,0.8,0.8,7
"963",156.360986256101,1,0.8,7
"964",156.543307812895,1.2,0.8,7
"965",156.697458492722,1.4,0.8,7
"966",156.830989885346,1.6,0.8,7
"967",156.948772921003,1.8,0.8,7
"968",157.054133436661,2,0.8,7
"969",158.042990459686,0,0.9,7
"970",156.433552547252,0.2,0.9,7
"971",157.126699727812,0.4,0.9,7
"972",157.53216483592,0.6,0.9,7
"973",157.819846908372,0.8,0.9,7
"974",158.042990459686,1,0.9,7
"975",158.22531201648,1.2,0.9,7
"976",158.379462696307,1.4,0.9,7
"977",158.512994088932,1.6,0.9,7
"978",158.630777124588,1.8,0.9,7
"979",158.736137640246,2,0.9,7
"980",159.059149420717,0,1,7
"981",157.449711508283,0.2,1,7
"982",158.142858688843,0.4,1,7
"983",158.548323796951,0.6,1,7
"984",158.836005869403,0.8,1,7
"985",159.059149420717,1,1,7
"986",159.241470977511,1.2,1,7
"987",159.395621657339,1.4,1,7
"988",159.529153049963,1.6,1,7
"989",159.64693608562,1.8,1,7
"990",159.752296601277,2,1,7
"991",113.122935276928,0,0.1,7.25
"992",111.513497364493,0.2,0.1,7.25
"993",112.206644545053,0.4,0.1,7.25
"994",112.612109653162,0.6,0.1,7.25
"995",112.899791725613,0.8,0.1,7.25
"996",113.122935276928,1,0.1,7.25
"997",113.305256833721,1.2,0.1,7.25
"998",113.459407513549,1.4,0.1,7.25
"999",113.592938906173,1.6,0.1,7.25
"1000",113.71072194183,1.8,0.1,7.25
"1001",113.816082457487,2,0.1,7.25
"1002",125.388907352725,0,0.2,7.25
"1003",123.779469440291,0.2,0.2,7.25
"1004",124.472616620851,0.4,0.2,7.25
"1005",124.878081728959,0.6,0.2,7.25
"1006",125.165763801411,0.8,0.2,7.25
"1007",125.388907352725,1,0.2,7.25
"1008",125.571228909519,1.2,0.2,7.25
"1009",125.725379589347,1.4,0.2,7.25
"1010",125.858910981971,1.6,0.2,7.25
"1011",125.976694017628,1.8,0.2,7.25
"1012",126.082054533285,2,0.2,7.25
"1013",134.566023662311,0,0.3,7.25
"1014",132.956585749877,0.2,0.3,7.25
"1015",133.649732930437,0.4,0.3,7.25
"1016",134.055198038545,0.6,0.3,7.25
"1017",134.342880110997,0.8,0.3,7.25
"1018",134.566023662311,1,0.3,7.25
"1019",134.748345219105,1.2,0.3,7.25
"1020",134.902495898932,1.4,0.3,7.25
"1021",135.036027291557,1.6,0.3,7.25
"1022",135.153810327213,1.8,0.3,7.25
"1023",135.259170842871,2,0.3,7.25
"1024",141.73578041382,0,0.4,7.25
"1025",140.126342501386,0.2,0.4,7.25
"1026",140.819489681946,0.4,0.4,7.25
"1027",141.224954790054,0.6,0.4,7.25
"1028",141.512636862506,0.8,0.4,7.25
"1029",141.73578041382,1,0.4,7.25
"1030",141.918101970614,1.2,0.4,7.25
"1031",142.072252650441,1.4,0.4,7.25
"1032",142.205784043066,1.6,0.4,7.25
"1033",142.323567078722,1.8,0.4,7.25
"1034",142.42892759438,2,0.4,7.25
"1035",147.411348937913,0,0.5,7.25
"1036",145.801911025479,0.2,0.5,7.25
"1037",146.495058206039,0.4,0.5,7.25
"1038",146.900523314147,0.6,0.5,7.25
"1039",147.188205386599,0.8,0.5,7.25
"1040",147.411348937913,1,0.5,7.25
"1041",147.593670494707,1.2,0.5,7.25
"1042",147.747821174534,1.4,0.5,7.25
"1043",147.881352567159,1.6,0.5,7.25
"1044",147.999135602815,1.8,0.5,7.25
"1045",148.104496118473,2,0.5,7.25
"1046",151.894599439298,0,0.6,7.25
"1047",150.285161526864,0.2,0.6,7.25
"1048",150.978308707424,0.4,0.6,7.25
"1049",151.383773815532,0.6,0.6,7.25
"1050",151.671455887984,0.8,0.6,7.25
"1051",151.894599439298,1,0.6,7.25
"1052",152.076920996092,1.2,0.6,7.25
"1053",152.231071675919,1.4,0.6,7.25
"1054",152.364603068544,1.6,0.6,7.25
"1055",152.4823861042,1.8,0.6,7.25
"1056",152.587746619858,2,0.6,7.25
"1057",155.384652156851,0,0.7,7.25
"1058",153.775214244417,0.2,0.7,7.25
"1059",154.468361424977,0.4,0.7,7.25
"1060",154.873826533085,0.6,0.7,7.25
"1061",155.161508605537,0.8,0.7,7.25
"1062",155.384652156851,1,0.7,7.25
"1063",155.566973713645,1.2,0.7,7.25
"1064",155.721124393472,1.4,0.7,7.25
"1065",155.854655786097,1.6,0.7,7.25
"1066",155.972438821753,1.8,0.7,7.25
"1067",156.077799337411,2,0.7,7.25
"1068",158.022747910982,0,0.8,7.25
"1069",156.413309998548,0.2,0.8,7.25
"1070",157.106457179108,0.4,0.8,7.25
"1071",157.511922287216,0.6,0.8,7.25
"1072",157.799604359668,0.8,0.8,7.25
"1073",158.022747910982,1,0.8,7.25
"1074",158.205069467776,1.2,0.8,7.25
"1075",158.359220147604,1.4,0.8,7.25
"1076",158.492751540228,1.6,0.8,7.25
"1077",158.610534575885,1.8,0.8,7.25
"1078",158.715895091542,2,0.8,7.25
"1079",159.914191913184,0,0.9,7.25
"1080",158.30475400075,0.2,0.9,7.25
"1081",158.99790118131,0.4,0.9,7.25
"1082",159.403366289418,0.6,0.9,7.25
"1083",159.69104836187,0.8,0.9,7.25
"1084",159.914191913184,1,0.9,7.25
"1085",160.096513469978,1.2,0.9,7.25
"1086",160.250664149805,1.4,0.9,7.25
"1087",160.38419554243,1.6,0.9,7.25
"1088",160.501978578086,1.8,0.9,7.25
"1089",160.607339093744,2,0.9,7.25
"1090",161.140450425797,0,1,7.25
"1091",159.531012513363,0.2,1,7.25
"1092",160.224159693922,0.4,1,7.25
"1093",160.629624802031,0.6,1,7.25
"1094",160.917306874482,0.8,1,7.25
"1095",161.140450425797,1,1,7.25
"1096",161.322771982591,1.2,1,7.25
"1097",161.476922662418,1.4,1,7.25
"1098",161.610454055042,1.6,1,7.25
"1099",161.728237090699,1.8,1,7.25
"1100",161.833597606357,2,1,7.25
"1101",113.322963635501,0,0.1,7.5
"1102",111.713525723066,0.2,0.1,7.5
"1103",112.406672903626,0.4,0.1,7.5
"1104",112.812138011735,0.6,0.1,7.5
"1105",113.099820084186,0.8,0.1,7.5
"1106",113.322963635501,1,0.1,7.5
"1107",113.505285192295,1.2,0.1,7.5
"1108",113.659435872122,1.4,0.1,7.5
"1109",113.792967264746,1.6,0.1,7.5
"1110",113.910750300403,1.8,0.1,7.5
"1111",114.016110816061,2,0.1,7.5
"1112",125.789019427396,0,0.2,7.5
"1113",124.179581514962,0.2,0.2,7.5
"1114",124.872728695522,0.4,0.2,7.5
"1115",125.27819380363,0.6,0.2,7.5
"1116",125.565875876082,0.8,0.2,7.5
"1117",125.789019427396,1,0.2,7.5
"1118",125.97134098419,1.2,0.2,7.5
"1119",126.125491664017,1.4,0.2,7.5
"1120",126.259023056642,1.6,0.2,7.5
"1121",126.376806092298,1.8,0.2,7.5
"1122",126.482166607956,2,0.2,7.5
"1123",135.166330845155,0,0.3,7.5
"1124",133.556892932721,0.2,0.3,7.5
"1125",134.250040113281,0.4,0.3,7.5
"1126",134.655505221389,0.6,0.3,7.5
"1127",134.943187293841,0.8,0.3,7.5
"1128",135.166330845155,1,0.3,7.5
"1129",135.348652401949,1.2,0.3,7.5
"1130",135.502803081776,1.4,0.3,7.5
"1131",135.636334474401,1.6,0.3,7.5
"1132",135.754117510057,1.8,0.3,7.5
"1133",135.859478025715,2,0.3,7.5
"1134",142.536451485518,0,0.4,7.5
"1135",140.927013573084,0.2,0.4,7.5
"1136",141.620160753644,0.4,0.4,7.5
"1137",142.025625861752,0.6,0.4,7.5
"1138",142.313307934204,0.8,0.4,7.5
"1139",142.536451485518,1,0.4,7.5
"1140",142.718773042312,1.2,0.4,7.5
"1141",142.872923722139,1.4,0.4,7.5
"1142",143.006455114764,1.6,0.4,7.5
"1143",143.12423815042,1.8,0.4,7.5
"1144",143.229598666078,2,0.4,7.5
"1145",148.41261209883,0,0.5,7.5
"1146",146.803174186396,0.2,0.5,7.5
"1147",147.496321366956,0.4,0.5,7.5
"1148",147.901786475064,0.6,0.5,7.5
"1149",148.189468547516,0.8,0.5,7.5
"1150",148.41261209883,1,0.5,7.5
"1151",148.594933655624,1.2,0.5,7.5
"1152",148.749084335451,1.4,0.5,7.5
"1153",148.882615728076,1.6,0.5,7.5
"1154",149.000398763732,1.8,0.5,7.5
"1155",149.10575927939,2,0.5,7.5
"1156",153.096745017589,0,0.6,7.5
"1157",151.487307105155,0.2,0.6,7.5
"1158",152.180454285715,0.4,0.6,7.5
"1159",152.585919393823,0.6,0.6,7.5
"1160",152.873601466275,0.8,0.6,7.5
"1161",153.096745017589,1,0.6,7.5
"1162",153.279066574383,1.2,0.6,7.5
"1163",153.43321725421,1.4,0.6,7.5
"1164",153.566748646835,1.6,0.6,7.5
"1165",153.684531682491,1.8,0.6,7.5
"1166",153.789892198149,2,0.6,7.5
"1167",156.788038687846,0,0.7,7.5
"1168",155.178600775412,0.2,0.7,7.5
"1169",155.871747955972,0.4,0.7,7.5
"1170",156.27721306408,0.6,0.7,7.5
"1171",156.564895136532,0.8,0.7,7.5
"1172",156.788038687846,1,0.7,7.5
"1173",156.97036024464,1.2,0.7,7.5
"1174",157.124510924467,1.4,0.7,7.5
"1175",157.258042317092,1.6,0.7,7.5
"1176",157.375825352748,1.8,0.7,7.5
"1177",157.481185868406,2,0.7,7.5
"1178",159.627802283252,0,0.8,7.5
"1179",158.018364370818,0.2,0.8,7.5
"1180",158.711511551378,0.4,0.8,7.5
"1181",159.116976659486,0.6,0.8,7.5
"1182",159.404658731938,0.8,0.8,7.5
"1183",159.627802283252,1,0.8,7.5
"1184",159.810123840046,1.2,0.8,7.5
"1185",159.964274519873,1.4,0.8,7.5
"1186",160.097805912498,1.6,0.8,7.5
"1187",160.215588948154,1.8,0.8,7.5
"1188",160.320949463812,2,0.8,7.5
"1189",161.72141847725,0,0.9,7.5
"1190",160.111980564816,0.2,0.9,7.5
"1191",160.805127745376,0.4,0.9,7.5
"1192",161.210592853484,0.6,0.9,7.5
"1193",161.498274925936,0.8,0.9,7.5
"1194",161.72141847725,1,0.9,7.5
"1195",161.903740034044,1.2,0.9,7.5
"1196",162.057890713871,1.4,0.9,7.5
"1197",162.191422106496,1.6,0.9,7.5
"1198",162.309205142152,1.8,0.9,7.5
"1199",162.41456565781,2,0.9,7.5
"1200",163.150436923532,0,1,7.5
"1201",161.540999011098,0.2,1,7.5
"1202",162.234146191658,0.4,1,7.5
"1203",162.639611299766,0.6,1,7.5
"1204",162.927293372218,0.8,1,7.5
"1205",163.150436923532,1,1,7.5
"1206",163.332758480326,1.2,1,7.5
"1207",163.486909160153,1.4,1,7.5
"1208",163.620440552778,1.6,1,7.5
"1209",163.738223588434,1.8,1,7.5
"1210",163.843584104092,2,1,7.5
"1211",113.516431917281,0,0.1,7.75
"1212",111.906994004847,0.2,0.1,7.75
"1213",112.600141185407,0.4,0.1,7.75
"1214",113.005606293515,0.6,0.1,7.75
"1215",113.293288365967,0.8,0.1,7.75
"1216",113.516431917281,1,0.1,7.75
"1217",113.698753474075,1.2,0.1,7.75
"1218",113.852904153902,1.4,0.1,7.75
"1219",113.986435546527,1.6,0.1,7.75
"1220",114.104218582183,1.8,0.1,7.75
"1221",114.209579097841,2,0.1,7.75
"1222",126.17600606831,0,0.2,7.75
"1223",124.566568155876,0.2,0.2,7.75
"1224",125.259715336436,0.4,0.2,7.75
"1225",125.665180444544,0.6,0.2,7.75
"1226",125.952862516996,0.8,0.2,7.75
"1227",126.17600606831,1,0.2,7.75
"1228",126.358327625104,1.2,0.2,7.75
"1229",126.512478304932,1.4,0.2,7.75
"1230",126.646009697556,1.6,0.2,7.75
"1231",126.763792733213,1.8,0.2,7.75
"1232",126.86915324887,2,0.2,7.75
"1233",135.746936572939,0,0.3,7.75
"1234",134.137498660505,0.2,0.3,7.75
"1235",134.830645841065,0.4,0.3,7.75
"1236",135.236110949173,0.6,0.3,7.75
"1237",135.523793021625,0.8,0.3,7.75
"1238",135.746936572939,1,0.3,7.75
"1239",135.929258129733,1.2,0.3,7.75
"1240",136.08340880956,1.4,0.3,7.75
"1241",136.216940202185,1.6,0.3,7.75
"1242",136.334723237841,1.8,0.3,7.75
"1243",136.440083753499,2,0.3,7.75
"1244",143.310828824348,0,0.4,7.75
"1245",141.701390911914,0.2,0.4,7.75
"1246",142.394538092474,0.4,0.4,7.75
"1247",142.800003200582,0.6,0.4,7.75
"1248",143.087685273034,0.8,0.4,7.75
"1249",143.310828824348,1,0.4,7.75
"1250",143.493150381142,1.2,0.4,7.75
"1251",143.647301060969,1.4,0.4,7.75
"1252",143.780832453594,1.6,0.4,7.75
"1253",143.89861548925,1.8,0.4,7.75
"1254",144.003976004908,2,0.4,7.75
"1255",149.380967088407,0,0.5,7.75
"1256",147.771529175973,0.2,0.5,7.75
"1257",148.464676356533,0.4,0.5,7.75
"1258",148.870141464641,0.6,0.5,7.75
"1259",149.157823537093,0.8,0.5,7.75
"1260",149.380967088407,1,0.5,7.75
"1261",149.563288645201,1.2,0.5,7.75
"1262",149.717439325028,1.4,0.5,7.75
"1263",149.850970717653,1.6,0.5,7.75
"1264",149.968753753309,1.8,0.5,7.75
"1265",150.074114268967,2,0.5,7.75
"1266",154.259339505256,0,0.6,7.75
"1267",152.649901592822,0.2,0.6,7.75
"1268",153.343048773382,0.4,0.6,7.75
"1269",153.74851388149,0.6,0.6,7.75
"1270",154.036195953942,0.8,0.6,7.75
"1271",154.259339505256,1,0.6,7.75
"1272",154.44166106205,1.2,0.6,7.75
"1273",154.595811741877,1.4,0.6,7.75
"1274",154.729343134502,1.6,0.6,7.75
"1275",154.847126170158,1.8,0.6,7.75
"1276",154.952486685816,2,0.6,7.75
"1277",158.145195326864,0,0.7,7.75
"1278",156.53575741443,0.2,0.7,7.75
"1279",157.22890459499,0.4,0.7,7.75
"1280",157.634369703098,0.6,0.7,7.75
"1281",157.92205177555,0.8,0.7,7.75
"1282",158.145195326864,1,0.7,7.75
"1283",158.327516883658,1.2,0.7,7.75
"1284",158.481667563485,1.4,0.7,7.75
"1285",158.615198956109,1.6,0.7,7.75
"1286",158.732981991766,1.8,0.7,7.75
"1287",158.838342507424,2,0.7,7.75
"1288",161.179904870461,0,0.8,7.75
"1289",159.570466958027,0.2,0.8,7.75
"1290",160.263614138587,0.4,0.8,7.75
"1291",160.669079246695,0.6,0.8,7.75
"1292",160.956761319147,0.8,0.8,7.75
"1293",161.179904870461,1,0.8,7.75
"1294",161.362226427255,1.2,0.8,7.75
"1295",161.516377107082,1.4,0.8,7.75
"1296",161.649908499707,1.6,0.8,7.75
"1297",161.767691535363,1.8,0.8,7.75
"1298",161.873052051021,2,0.8,7.75
"1299",163.468919423781,0,0.9,7.75
"1300",161.859481511347,0.2,0.9,7.75
"1301",162.552628691907,0.4,0.9,7.75
"1302",162.958093800015,0.6,0.9,7.75
"1303",163.245775872467,0.8,0.9,7.75
"1304",163.468919423781,1,0.9,7.75
"1305",163.651240980575,1.2,0.9,7.75
"1306",163.805391660402,1.4,0.9,7.75
"1307",163.938923053026,1.6,0.9,7.75
"1308",164.056706088683,1.8,0.9,7.75
"1309",164.162066604341,2,0.9,7.75
"1310",165.093862245341,0,1,7.75
"1311",163.484424332907,0.2,1,7.75
"1312",164.177571513467,0.4,1,7.75
"1313",164.583036621575,0.6,1,7.75
"1314",164.870718694027,0.8,1,7.75
"1315",165.093862245341,1,1,7.75
"1316",165.276183802135,1.2,1,7.75
"1317",165.430334481962,1.4,1,7.75
"1318",165.563865874587,1.6,1,7.75
"1319",165.681648910243,1.8,1,7.75
"1320",165.787009425901,2,1,7.75
"1321",113.703756795787,0,0.1,8
"1322",112.094318883353,0.2,0.1,8
"1323",112.787466063913,0.4,0.1,8
"1324",113.192931172021,0.6,0.1,8
"1325",113.480613244473,0.8,0.1,8
"1326",113.703756795787,1,0.1,8
"1327",113.886078352581,1.2,0.1,8
"1328",114.040229032408,1.4,0.1,8
"1329",114.173760425033,1.6,0.1,8
"1330",114.291543460689,1.8,0.1,8
"1331",114.396903976347,2,0.1,8
"1332",126.55070127355,0,0.2,8
"1333",124.941263361115,0.2,0.2,8
"1334",125.634410541675,0.4,0.2,8
"1335",126.039875649784,0.6,0.2,8
"1336",126.327557722235,0.8,0.2,8
"1337",126.55070127355,1,0.2,8
"1338",126.733022830343,1.2,0.2,8
"1339",126.887173510171,1.4,0.2,8
"1340",127.020704902795,1.6,0.2,8
"1341",127.138487938452,1.8,0.2,8
"1342",127.243848454109,2,0.2,8
"1343",136.30909348899,0,0.3,8
"1344",134.699655576556,0.2,0.3,8
"1345",135.392802757116,0.4,0.3,8
"1346",135.798267865224,0.6,0.3,8
"1347",136.085949937676,0.8,0.3,8
"1348",136.30909348899,1,0.3,8
"1349",136.491415045784,1.2,0.3,8
"1350",136.645565725611,1.4,0.3,8
"1351",136.779097118235,1.6,0.3,8
"1352",136.896880153892,1.8,0.3,8
"1353",137.00224066955,2,0.3,8
"1354",144.060585746392,0,0.4,8
"1355",142.451147833958,0.2,0.4,8
"1356",143.144295014518,0.4,0.4,8
"1357",143.549760122626,0.6,0.4,8
"1358",143.837442195078,0.8,0.4,8
"1359",144.060585746392,1,0.4,8
"1360",144.242907303186,1.2,0.4,8
"1361",144.397057983013,1.4,0.4,8
"1362",144.530589375637,1.6,0.4,8
"1363",144.648372411294,1.8,0.4,8
"1364",144.753732926952,2,0.4,8
"1365",150.318510685605,0,0.5,8
"1366",148.709072773171,0.2,0.5,8
"1367",149.40221995373,0.4,0.5,8
"1368",149.807685061839,0.6,0.5,8
"1369",150.09536713429,0.8,0.5,8
"1370",150.318510685605,1,0.5,8
"1371",150.500832242399,1.2,0.5,8
"1372",150.654982922226,1.4,0.5,8
"1373",150.78851431485,1.6,0.5,8
"1374",150.906297350507,1.8,0.5,8
"1375",151.011657866165,2,0.5,8
"1376",155.38490677125,0,0.6,8
"1377",153.775468858816,0.2,0.6,8
"1378",154.468616039376,0.4,0.6,8
"1379",154.874081147484,0.6,0.6,8
"1380",155.161763219935,0.8,0.6,8
"1381",155.38490677125,1,0.6,8
"1382",155.567228328044,1.2,0.6,8
"1383",155.721379007871,1.4,0.6,8
"1384",155.854910400495,1.6,0.6,8
"1385",155.972693436152,1.8,0.6,8
"1386",156.07805395181,2,0.6,8
"1387",159.459085828742,0,0.7,8
"1388",157.849647916308,0.2,0.7,8
"1389",158.542795096868,0.4,0.7,8
"1390",158.948260204976,0.6,0.7,8
"1391",159.235942277428,0.8,0.7,8
"1392",159.459085828742,1,0.7,8
"1393",159.641407385536,1.2,0.7,8
"1394",159.795558065363,1.4,0.7,8
"1395",159.929089457987,1.6,0.7,8
"1396",160.046872493644,1.8,0.7,8
"1397",160.152233009302,2,0.7,8
"1398",162.682448764455,0,0.8,8
"1399",161.073010852021,0.2,0.8,8
"1400",161.766158032581,0.4,0.8,8
"1401",162.171623140689,0.6,0.8,8
"1402",162.459305213141,0.8,0.8,8
"1403",162.682448764455,1,0.8,8
"1404",162.864770321249,1.2,0.8,8
"1405",163.018921001076,1.4,0.8,8
"1406",163.152452393701,1.6,0.8,8
"1407",163.270235429357,1.8,0.8,8
"1408",163.375595945015,2,0.8,8
"1409",165.160532283424,0,0.9,8
"1410",163.55109437099,0.2,0.9,8
"1411",164.24424155155,0.4,0.9,8
"1412",164.649706659658,0.6,0.9,8
"1413",164.93738873211,0.8,0.9,8
"1414",165.160532283424,1,0.9,8
"1415",165.342853840218,1.2,0.9,8
"1416",165.497004520045,1.4,0.9,8
"1417",165.63053591267,1.6,0.9,8
"1418",165.748318948326,1.8,0.9,8
"1419",165.853679463984,2,0.9,8
"1420",166.975016849917,0,1,8
"1421",165.365578937483,0.2,1,8
"1422",166.058726118043,0.4,1,8
"1423",166.464191226151,0.6,1,8
"1424",166.751873298603,0.8,1,8
"1425",166.975016849917,1,1,8
"1426",167.157338406711,1.2,1,8
"1427",167.311489086538,1.4,1,8
"1428",167.445020479163,1.6,1,8
"1429",167.562803514819,1.8,1,8
"1430",167.668164030477,2,1,8
"1431",113.885316463481,0,0.1,8.25
"1432",112.275878551047,0.2,0.1,8.25
"1433",112.969025731607,0.4,0.1,8.25
"1434",113.374490839715,0.6,0.1,8.25
"1435",113.662172912167,0.8,0.1,8.25
"1436",113.885316463481,1,0.1,8.25
"1437",114.067638020275,1.2,0.1,8.25
"1438",114.221788700102,1.4,0.1,8.25
"1439",114.355320092727,1.6,0.1,8.25
"1440",114.473103128383,1.8,0.1,8.25
"1441",114.578463644041,2,0.1,8.25
"1442",126.913861981709,0,0.2,8.25
"1443",125.304424069275,0.2,0.2,8.25
"1444",125.997571249835,0.4,0.2,8.25
"1445",126.403036357943,0.6,0.2,8.25
"1446",126.690718430395,0.8,0.2,8.25
"1447",126.913861981709,1,0.2,8.25
"1448",127.096183538503,1.2,0.2,8.25
"1449",127.250334218331,1.4,0.2,8.25
"1450",127.383865610955,1.6,0.2,8.25
"1451",127.501648646612,1.8,0.2,8.25
"1452",127.607009162269,2,0.2,8.25
"1453",136.85393840021,0,0.3,8.25
"1454",135.244500487776,0.2,0.3,8.25
"1455",135.937647668336,0.4,0.3,8.25
"1456",136.343112776444,0.6,0.3,8.25
"1457",136.630794848896,0.8,0.3,8.25
"1458",136.85393840021,1,0.3,8.25
"1459",137.036259957004,1.2,0.3,8.25
"1460",137.190410636831,1.4,0.3,8.25
"1461",137.323942029456,1.6,0.3,8.25
"1462",137.441725065112,1.8,0.3,8.25
"1463",137.54708558077,2,0.3,8.25
"1464",144.787240647191,0,0.4,8.25
"1465",143.177802734757,0.2,0.4,8.25
"1466",143.870949915317,0.4,0.4,8.25
"1467",144.276415023425,0.6,0.4,8.25
"1468",144.564097095877,0.8,0.4,8.25
"1469",144.787240647191,1,0.4,8.25
"1470",144.969562203985,1.2,0.4,8.25
"1471",145.123712883812,1.4,0.4,8.25
"1472",145.257244276437,1.6,0.4,8.25
"1473",145.375027312093,1.8,0.4,8.25
"1474",145.480387827751,2,0.4,8.25
"1475",151.22714523758,0,0.5,8.25
"1476",149.617707325146,0.2,0.5,8.25
"1477",150.310854505706,0.4,0.5,8.25
"1478",150.716319613814,0.6,0.5,8.25
"1479",151.004001686266,0.8,0.5,8.25
"1480",151.22714523758,1,0.5,8.25
"1481",151.409466794374,1.2,0.5,8.25
"1482",151.563617474201,1.4,0.5,8.25
"1483",151.697148866826,1.6,0.5,8.25
"1484",151.814931902482,1.8,0.5,8.25
"1485",151.92029241814,2,0.5,8.25
"1486",156.47573617928,0,0.6,8.25
"1487",154.866298266846,0.2,0.6,8.25
"1488",155.559445447406,0.4,0.6,8.25
"1489",155.964910555514,0.6,0.6,8.25
"1490",156.252592627966,0.8,0.6,8.25
"1491",156.47573617928,1,0.6,8.25
"1492",156.658057736074,1.2,0.6,8.25
"1493",156.812208415901,1.4,0.6,8.25
"1494",156.945739808526,1.6,0.6,8.25
"1495",157.063522844182,1.8,0.6,8.25
"1496",157.16888335984,2,0.6,8.25
"1497",160.732372926242,0,0.7,8.25
"1498",159.122935013808,0.2,0.7,8.25
"1499",159.816082194368,0.4,0.7,8.25
"1500",160.221547302476,0.6,0.7,8.25
"1501",160.509229374928,0.8,0.7,8.25
"1502",160.732372926242,1,0.7,8.25
"1503",160.914694483036,1.2,0.7,8.25
"1504",161.068845162863,1.4,0.7,8.25
"1505",161.202376555487,1.6,0.7,8.25
"1506",161.320159591144,1.8,0.7,8.25
"1507",161.425520106802,2,0.7,8.25
"1508",164.138509997027,0,0.8,8.25
"1509",162.529072084593,0.2,0.8,8.25
"1510",163.222219265153,0.4,0.8,8.25
"1511",163.627684373261,0.6,0.8,8.25
"1512",163.915366445713,0.8,0.8,8.25
"1513",164.138509997027,1,0.8,8.25
"1514",164.320831553821,1.2,0.8,8.25
"1515",164.474982233649,1.4,0.8,8.25
"1516",164.608513626273,1.6,0.8,8.25
"1517",164.726296661929,1.8,0.8,8.25
"1518",164.831657177587,2,0.8,8.25
"1519",166.79973464273,0,0.9,8.25
"1520",165.190296730296,0.2,0.9,8.25
"1521",165.883443910856,0.4,0.9,8.25
"1522",166.288909018965,0.6,0.9,8.25
"1523",166.576591091416,0.8,0.9,8.25
"1524",166.79973464273,1,0.9,8.25
"1525",166.982056199524,1.2,0.9,8.25
"1526",167.136206879352,1.4,0.9,8.25
"1527",167.269738271976,1.6,0.9,8.25
"1528",167.387521307633,1.8,0.9,8.25
"1529",167.49288182329,2,0.9,8.25
"1530",168.797786938925,0,1,8.25
"1531",167.188349026491,0.2,1,8.25
"1532",167.881496207051,0.4,1,8.25
"1533",168.286961315159,0.6,1,8.25
"1534",168.574643387611,0.8,1,8.25
"1535",168.797786938925,1,1,8.25
"1536",168.980108495719,1.2,1,8.25
"1537",169.134259175546,1.4,1,8.25
"1538",169.267790568171,1.6,1,8.25
"1539",169.385573603827,1.8,1,8.25
"1540",169.490934119485,2,1,8.25
"1541",114.061455229217,0,0.1,8.5
"1542",112.452017316782,0.2,0.1,8.5
"1543",113.145164497342,0.4,0.1,8.5
"1544",113.550629605451,0.6,0.1,8.5
"1545",113.838311677902,0.8,0.1,8.5
"1546",114.061455229217,1,0.1,8.5
"1547",114.24377678601,1.2,0.1,8.5
"1548",114.397927465838,1.4,0.1,8.5
"1549",114.531458858462,1.6,0.1,8.5
"1550",114.649241894119,1.8,0.1,8.5
"1551",114.754602409776,2,0.1,8.5
"1552",127.26617728377,0,0.2,8.5
"1553",125.656739371336,0.2,0.2,8.5
"1554",126.349886551896,0.4,0.2,8.5
"1555",126.755351660004,0.6,0.2,8.5
"1556",127.043033732456,0.8,0.2,8.5
"1557",127.26617728377,1,0.2,8.5
"1558",127.448498840564,1.2,0.2,8.5
"1559",127.602649520391,1.4,0.2,8.5
"1560",127.736180913016,1.6,0.2,8.5
"1561",127.853963948672,1.8,0.2,8.5
"1562",127.95932446433,2,0.2,8.5
"1563",137.382506138163,0,0.3,8.5
"1564",135.773068225729,0.2,0.3,8.5
"1565",136.466215406289,0.4,0.3,8.5
"1566",136.871680514397,0.6,0.3,8.5
"1567",137.159362586849,0.8,0.3,8.5
"1568",137.382506138163,1,0.3,8.5
"1569",137.564827694957,1.2,0.3,8.5
"1570",137.718978374785,1.4,0.3,8.5
"1571",137.852509767409,1.6,0.3,8.5
"1572",137.970292803065,1.8,0.3,8.5
"1573",138.075653318723,2,0.3,8.5
"1574",145.492175566354,0,0.4,8.5
"1575",143.88273765392,0.2,0.4,8.5
"1576",144.57588483448,0.4,0.4,8.5
"1577",144.981349942588,0.6,0.4,8.5
"1578",145.26903201504,0.8,0.4,8.5
"1579",145.492175566354,1,0.4,8.5
"1580",145.674497123148,1.2,0.4,8.5
"1581",145.828647802976,1.4,0.4,8.5
"1582",145.9621791956,1.6,0.4,8.5
"1583",146.079962231257,1.8,0.4,8.5
"1584",146.185322746914,2,0.4,8.5
"1585",152.10860200418,0,0.5,8.5
"1586",150.499164091746,0.2,0.5,8.5
"1587",151.192311272306,0.4,0.5,8.5
"1588",151.597776380414,0.6,0.5,8.5
"1589",151.885458452866,0.8,0.5,8.5
"1590",152.10860200418,1,0.5,8.5
"1591",152.290923560974,1.2,0.5,8.5
"1592",152.445074240801,1.4,0.5,8.5
"1593",152.578605633425,1.6,0.5,8.5
"1594",152.696388669082,1.8,0.5,8.5
"1595",152.80174918474,2,0.5,8.5
"1596",157.533910813998,0,0.6,8.5
"1597",155.924472901564,0.2,0.6,8.5
"1598",156.617620082124,0.4,0.6,8.5
"1599",157.023085190232,0.6,0.6,8.5
"1600",157.310767262684,0.8,0.6,8.5
"1601",157.533910813998,1,0.6,8.5
"1602",157.716232370792,1.2,0.6,8.5
"1603",157.87038305062,1.4,0.6,8.5
"1604",158.003914443244,1.6,0.6,8.5
"1605",158.1216974789,1.8,0.6,8.5
"1606",158.227057994558,2,0.6,8.5
"1607",161.96750459615,0,0.7,8.5
"1608",160.358066683716,0.2,0.7,8.5
"1609",161.051213864276,0.4,0.7,8.5
"1610",161.456678972384,0.6,0.7,8.5
"1611",161.744361044836,0.8,0.7,8.5
"1612",161.96750459615,1,0.7,8.5
"1613",162.149826152944,1.2,0.7,8.5
"1614",162.303976832771,1.4,0.7,8.5
"1615",162.437508225396,1.6,0.7,8.5
"1616",162.555291261052,1.8,0.7,8.5
"1617",162.66065177671,2,0.7,8.5
"1618",165.550885981436,0,0.8,8.5
"1619",163.941448069002,0.2,0.8,8.5
"1620",164.634595249562,0.4,0.8,8.5
"1621",165.04006035767,0.6,0.8,8.5
"1622",165.327742430122,0.8,0.8,8.5
"1623",165.550885981436,1,0.8,8.5
"1624",165.73320753823,1.2,0.8,8.5
"1625",165.887358218058,1.4,0.8,8.5
"1626",166.020889610682,1.6,0.8,8.5
"1627",166.138672646339,1.8,0.8,8.5
"1628",166.244033161996,2,0.8,8.5
"1629",168.389688001145,0,0.9,8.5
"1630",166.780250088711,0.2,0.9,8.5
"1631",167.473397269271,0.4,0.9,8.5
"1632",167.878862377379,0.6,0.9,8.5
"1633",168.166544449831,0.8,0.9,8.5
"1634",168.389688001145,1,0.9,8.5
"1635",168.572009557939,1.2,0.9,8.5
"1636",168.726160237766,1.4,0.9,8.5
"1637",168.859691630391,1.6,0.9,8.5
"1638",168.977474666047,1.8,0.9,8.5
"1639",169.082835181705,2,0.9,8.5
"1640",170.565704011326,0,1,8.5
"1641",168.956266098892,0.2,1,8.5
"1642",169.649413279452,0.4,1,8.5
"1643",170.05487838756,0.6,1,8.5
"1644",170.342560460012,0.8,1,8.5
"1645",170.565704011326,1,1,8.5
"1646",170.74802556812,1.2,1,8.5
"1647",170.902176247947,1.4,1,8.5
"1648",171.035707640572,1.6,1,8.5
"1649",171.153490676228,1.8,1,8.5
"1650",171.258851191886,2,1,8.5
"1651",114.232487448941,0,0.1,8.75
"1652",112.623049536507,0.2,0.1,8.75
"1653",113.316196717066,0.4,0.1,8.75
"1654",113.721661825175,0.6,0.1,8.75
"1655",114.009343897626,0.8,0.1,8.75
"1656",114.232487448941,1,0.1,8.75
"1657",114.414809005735,1.2,0.1,8.75
"1658",114.568959685562,1.4,0.1,8.75
"1659",114.702491078186,1.6,0.1,8.75
"1660",114.820274113843,1.8,0.1,8.75
"1661",114.925634629501,2,0.1,8.75
"1662",127.60827629812,0,0.2,8.75
"1663",125.998838385686,0.2,0.2,8.75
"1664",126.691985566246,0.4,0.2,8.75
"1665",127.097450674354,0.6,0.2,8.75
"1666",127.385132746806,0.8,0.2,8.75
"1667",127.60827629812,1,0.2,8.75
"1668",127.790597854914,1.2,0.2,8.75
"1669",127.944748534741,1.4,0.2,8.75
"1670",128.078279927366,1.6,0.2,8.75
"1671",128.196062963022,1.8,0.2,8.75
"1672",128.30142347868,2,0.2,8.75
"1673",137.895741406294,0,0.3,8.75
"1674",136.28630349386,0.2,0.3,8.75
"1675",136.97945067442,0.4,0.3,8.75
"1676",137.384915782528,0.6,0.3,8.75
"1677",137.67259785498,0.8,0.3,8.75
"1678",137.895741406294,1,0.3,8.75
"1679",138.078062963088,1.2,0.3,8.75
"1680",138.232213642915,1.4,0.3,8.75
"1681",138.36574503554,1.6,0.3,8.75
"1682",138.483528071196,1.8,0.3,8.75
"1683",138.588888586854,2,0.3,8.75
"1684",146.176652050378,0,0.4,8.75
"1685",144.567214137944,0.2,0.4,8.75
"1686",145.260361318504,0.4,0.4,8.75
"1687",145.665826426612,0.6,0.4,8.75
"1688",145.953508499064,0.8,0.4,8.75
"1689",146.176652050378,1,0.4,8.75
"1690",146.358973607172,1.2,0.4,8.75
"1691",146.513124286999,1.4,0.4,8.75
"1692",146.646655679624,1.6,0.4,8.75
"1693",146.76443871528,1.8,0.4,8.75
"1694",146.869799230938,2,0.4,8.75
"1695",152.964461097221,0,0.5,8.75
"1696",151.355023184787,0.2,0.5,8.75
"1697",152.048170365347,0.4,0.5,8.75
"1698",152.453635473455,0.6,0.5,8.75
"1699",152.741317545907,0.8,0.5,8.75
"1700",152.964461097221,1,0.5,8.75
"1701",153.146782654015,1.2,0.5,8.75
"1702",153.300933333842,1.4,0.5,8.75
"1703",153.434464726467,1.6,0.5,8.75
"1704",153.552247762123,1.8,0.5,8.75
"1705",153.657608277781,2,0.5,8.75
"1706",158.561331577601,0,0.6,8.75
"1707",156.951893665167,0.2,0.6,8.75
"1708",157.645040845727,0.4,0.6,8.75
"1709",158.050505953835,0.6,0.6,8.75
"1710",158.338188026287,0.8,0.6,8.75
"1711",158.561331577601,1,0.6,8.75
"1712",158.743653134395,1.2,0.6,8.75
"1713",158.897803814223,1.4,0.6,8.75
"1714",159.031335206847,1.6,0.6,8.75
"1715",159.149118242504,1.8,0.6,8.75
"1716",159.254478758161,2,0.6,8.75
"1717",163.166705307037,0,0.7,8.75
"1718",161.557267394603,0.2,0.7,8.75
"1719",162.250414575163,0.4,0.7,8.75
"1720",162.655879683271,0.6,0.7,8.75
"1721",162.943561755723,0.8,0.7,8.75
"1722",163.166705307037,1,0.7,8.75
"1723",163.349026863831,1.2,0.7,8.75
"1724",163.503177543659,1.4,0.7,8.75
"1725",163.636708936283,1.6,0.7,8.75
"1726",163.75449197194,1.8,0.7,8.75
"1727",163.859852487597,2,0.7,8.75
"1728",166.922128278956,0,0.8,8.75
"1729",165.312690366522,0.2,0.8,8.75
"1730",166.005837547082,0.4,0.8,8.75
"1731",166.41130265519,0.6,0.8,8.75
"1732",166.698984727642,0.8,0.8,8.75
"1733",166.922128278956,1,0.8,8.75
"1734",167.10444983575,1.2,0.8,8.75
"1735",167.258600515577,1.4,0.8,8.75
"1736",167.392131908202,1.6,0.8,8.75
"1737",167.509914943858,1.8,0.8,8.75
"1738",167.615275459516,2,0.8,8.75
"1739",169.933275113233,0,0.9,8.75
"1740",168.323837200799,0.2,0.9,8.75
"1741",169.016984381359,0.4,0.9,8.75
"1742",169.422449489467,0.6,0.9,8.75
"1743",169.710131561919,0.8,0.9,8.75
"1744",169.933275113233,1,0.9,8.75
"1745",170.115596670027,1.2,0.9,8.75
"1746",170.269747349854,1.4,0.9,8.75
"1747",170.403278742479,1.6,0.9,8.75
"1748",170.521061778135,1.8,0.9,8.75
"1749",170.626422293793,2,0.9,8.75
"1750",172.281986999901,0,1,8.75
"1751",170.672549087467,0.2,1,8.75
"1752",171.365696268027,0.4,1,8.75
"1753",171.771161376135,0.6,1,8.75
"1754",172.058843448587,0.8,1,8.75
"1755",172.281986999901,1,1,8.75
"1756",172.464308556695,1.2,1,8.75
"1757",172.618459236522,1.4,1,8.75
"1758",172.751990629147,1.6,1,8.75
"1759",172.869773664803,1.8,1,8.75
"1760",172.975134180461,2,1,8.75
"1761",114.398700902427,0,0.1,9
"1762",112.789262989993,0.2,0.1,9
"1763",113.482410170552,0.4,0.1,9
"1764",113.887875278661,0.6,0.1,9
"1765",114.175557351112,0.8,0.1,9
"1766",114.398700902427,1,0.1,9
"1767",114.581022459221,1.2,0.1,9
"1768",114.735173139048,1.4,0.1,9
"1769",114.868704531672,1.6,0.1,9
"1770",114.986487567329,1.8,0.1,9
"1771",115.091848082987,2,0.1,9
"1772",127.940734935017,0,0.2,9
"1773",126.331297022583,0.2,0.2,9
"1774",127.024444203143,0.4,0.2,9
"1775",127.429909311251,0.6,0.2,9
"1776",127.717591383703,0.8,0.2,9
"1777",127.940734935017,1,0.2,9
"1778",128.123056491811,1.2,0.2,9
"1779",128.277207171639,1.4,0.2,9
"1780",128.410738564263,1.6,0.2,9
"1781",128.52852159992,1.8,0.2,9
"1782",128.633882115577,2,0.2,9
"1783",138.394508954606,0,0.3,9
"1784",136.785071042171,0.2,0.3,9
"1785",137.478218222731,0.4,0.3,9
"1786",137.88368333084,0.6,0.3,9
"1787",138.171365403291,0.8,0.3,9
"1788",138.394508954606,1,0.3,9
"1789",138.576830511399,1.2,0.3,9
"1790",138.730981191227,1.4,0.3,9
"1791",138.864512583851,1.6,0.3,9
"1792",138.982295619508,1.8,0.3,9
"1793",139.087656135165,2,0.3,9
"1794",146.841824772488,0,0.4,9
"1795",145.232386860054,0.2,0.4,9
"1796",145.925534040614,0.4,0.4,9
"1797",146.330999148722,0.6,0.4,9
"1798",146.618681221173,0.8,0.4,9
"1799",146.841824772488,1,0.4,9
"1800",147.024146329282,1.2,0.4,9
"1801",147.178297009109,1.4,0.4,9
"1802",147.311828401733,1.6,0.4,9
"1803",147.42961143739,1.8,0.4,9
"1804",147.534971953048,2,0.4,9
"1805",153.79616859435,0,0.5,9
"1806",152.186730681916,0.2,0.5,9
"1807",152.879877862476,0.4,0.5,9
"1808",153.285342970584,0.6,0.5,9
"1809",153.573025043036,0.8,0.5,9
"1810",153.79616859435,1,0.5,9
"1811",153.978490151144,1.2,0.5,9
"1812",154.132640830971,1.4,0.5,9
"1813",154.266172223596,1.6,0.5,9
"1814",154.383955259252,1.8,0.5,9
"1815",154.48931577491,2,0.5,9
"1816",159.559737862416,0,0.6,9
"1817",157.950299949982,0.2,0.6,9
"1818",158.643447130542,0.4,0.6,9
"1819",159.04891223865,0.6,0.6,9
"1820",159.336594311102,0.8,0.6,9
"1821",159.559737862416,1,0.6,9
"1822",159.74205941921,1.2,0.6,9
"1823",159.896210099037,1.4,0.6,9
"1824",160.029741491662,1.6,0.6,9
"1825",160.147524527318,1.8,0.6,9
"1826",160.252885042976,2,0.6,9
"1827",164.332010144409,0,0.7,9
"1828",162.722572231975,0.2,0.7,9
"1829",163.415719412535,0.4,0.7,9
"1830",163.821184520643,0.6,0.7,9
"1831",164.108866593095,0.8,0.7,9
"1832",164.332010144409,1,0.7,9
"1833",164.514331701203,1.2,0.7,9
"1834",164.66848238103,1.4,0.7,9
"1835",164.802013773655,1.6,0.7,9
"1836",164.919796809311,1.8,0.7,9
"1837",165.025157324969,2,0.7,9
"1838",168.254570670631,0,0.8,9
"1839",166.645132758197,0.2,0.8,9
"1840",167.338279938757,0.4,0.8,9
"1841",167.743745046865,0.6,0.8,9
"1842",168.031427119317,0.8,0.8,9
"1843",168.254570670631,1,0.8,9
"1844",168.436892227425,1.2,0.8,9
"1845",168.591042907252,1.4,0.8,9
"1846",168.724574299877,1.6,0.8,9
"1847",168.842357335533,1.8,0.8,9
"1848",168.947717851191,2,0.8,9
"1849",171.4331319499,0,0.9,9
"1850",169.823694037466,0.2,0.9,9
"1851",170.516841218025,0.4,0.9,9
"1852",170.922306326134,0.6,0.9,9
"1853",171.209988398585,0.8,0.9,9
"1854",171.4331319499,1,0.9,9
"1855",171.615453506694,1.2,0.9,9
"1856",171.769604186521,1.4,0.9,9
"1857",171.903135579145,1.6,0.9,9
"1858",172.020918614802,1.8,0.9,9
"1859",172.12627913046,2,0.9,9
"1860",173.949578293122,0,1,9
"1861",172.340140380687,0.2,1,9
"1862",173.033287561247,0.4,1,9
"1863",173.438752669356,0.6,1,9
"1864",173.726434741807,0.8,1,9
"1865",173.949578293122,1,1,9
"1866",174.131899849915,1.2,1,9
"1867",174.286050529743,1.4,1,9
"1868",174.419581922367,1.6,1,9
"1869",174.537364958024,1.8,1,9
"1870",174.642725473681,2,1,9
"1871",114.560359707162,0,0.1,9.25
"1872",112.950921794727,0.2,0.1,9.25
"1873",113.644068975287,0.4,0.1,9.25
"1874",114.049534083396,0.6,0.1,9.25
"1875",114.337216155847,0.8,0.1,9.25
"1876",114.560359707162,1,0.1,9.25
"1877",114.742681263955,1.2,0.1,9.25
"1878",114.896831943783,1.4,0.1,9.25
"1879",115.030363336407,1.6,0.1,9.25
"1880",115.148146372064,1.8,0.1,9.25
"1881",115.253506887721,2,0.1,9.25
"1882",128.26408173331,0,0.2,9.25
"1883",126.654643820876,0.2,0.2,9.25
"1884",127.347791001436,0.4,0.2,9.25
"1885",127.753256109544,0.6,0.2,9.25
"1886",128.040938181996,0.8,0.2,9.25
"1887",128.26408173331,1,0.2,9.25
"1888",128.446403290104,1.2,0.2,9.25
"1889",128.600553969931,1.4,0.2,9.25
"1890",128.734085362556,1.6,0.2,9.25
"1891",128.851868398212,1.8,0.2,9.25
"1892",128.95722891387,2,0.2,9.25
"1893",138.879602357467,0,0.3,9.25
"1894",137.270164445033,0.2,0.3,9.25
"1895",137.963311625593,0.4,0.3,9.25
"1896",138.368776733701,0.6,0.3,9.25
"1897",138.656458806153,0.8,0.3,9.25
"1898",138.879602357467,1,0.3,9.25
"1899",139.061923914261,1.2,0.3,9.25
"1900",139.216074594088,1.4,0.3,9.25
"1901",139.349605986713,1.6,0.3,9.25
"1902",139.467389022369,1.8,0.3,9.25
"1903",139.572749538027,2,0.3,9.25
"1904",147.488753279846,0,0.4,9.25
"1905",145.879315367411,0.2,0.4,9.25
"1906",146.572462547971,0.4,0.4,9.25
"1907",146.97792765608,0.6,0.4,9.25
"1908",147.265609728531,0.8,0.4,9.25
"1909",147.488753279846,1,0.4,9.25
"1910",147.671074836639,1.2,0.4,9.25
"1911",147.825225516467,1.4,0.4,9.25
"1912",147.958756909091,1.6,0.4,9.25
"1913",148.076539944748,1.8,0.4,9.25
"1914",148.181900460405,2,0.4,9.25
"1915",154.605051295143,0,0.5,9.25
"1916",152.995613382709,0.2,0.5,9.25
"1917",153.688760563269,0.4,0.5,9.25
"1918",154.094225671377,0.6,0.5,9.25
"1919",154.381907743829,0.8,0.5,9.25
"1920",154.605051295143,1,0.5,9.25
"1921",154.787372851937,1.2,0.5,9.25
"1922",154.941523531765,1.4,0.5,9.25
"1923",155.075054924389,1.6,0.5,9.25
"1924",155.192837960045,1.8,0.5,9.25
"1925",155.298198475703,2,0.5,9.25
"1926",160.530725368054,0,0.6,9.25
"1927",158.92128745562,0.2,0.6,9.25
"1928",159.61443463618,0.4,0.6,9.25
"1929",160.019899744288,0.6,0.6,9.25
"1930",160.30758181674,0.8,0.6,9.25
"1931",160.530725368054,1,0.6,9.25
"1932",160.713046924848,1.2,0.6,9.25
"1933",160.867197604675,1.4,0.6,9.25
"1934",161.000728997299,1.6,0.6,9.25
"1935",161.118512032956,1.8,0.6,9.25
"1936",161.223872548614,2,0.6,9.25
"1937",165.465285755594,0,0.7,9.25
"1938",163.85584784316,0.2,0.7,9.25
"1939",164.54899502372,0.4,0.7,9.25
"1940",164.954460131828,0.6,0.7,9.25
"1941",165.242142204279,0.8,0.7,9.25
"1942",165.465285755594,1,0.7,9.25
"1943",165.647607312388,1.2,0.7,9.25
"1944",165.801757992215,1.4,0.7,9.25
"1945",165.935289384839,1.6,0.7,9.25
"1946",166.053072420496,1.8,0.7,9.25
"1947",166.158432936154,2,0.7,9.25
"1948",169.550361963576,0,0.8,9.25
"1949",167.940924051142,0.2,0.8,9.25
"1950",168.634071231702,0.4,0.8,9.25
"1951",169.03953633981,0.6,0.8,9.25
"1952",169.327218412262,0.8,0.8,9.25
"1953",169.550361963576,1,0.8,9.25
"1954",169.73268352037,1.2,0.8,9.25
"1955",169.886834200197,1.4,0.8,9.25
"1956",170.020365592822,1.6,0.8,9.25
"1957",170.138148628478,1.8,0.8,9.25
"1958",170.243509144136,2,0.8,9.25
"1959",172.891675187441,0,0.9,9.25
"1960",171.282237275007,0.2,0.9,9.25
"1961",171.975384455567,0.4,0.9,9.25
"1962",172.380849563675,0.6,0.9,9.25
"1963",172.668531636127,0.8,0.9,9.25
"1964",172.891675187441,1,0.9,9.25
"1965",173.073996744235,1.2,0.9,9.25
"1966",173.228147424062,1.4,0.9,9.25
"1967",173.361678816687,1.6,0.9,9.25
"1968",173.479461852343,1.8,0.9,9.25
"1969",173.584822368001,2,0.9,9.25
"1970",175.571174684057,0,1,9.25
"1971",173.961736771623,0.2,1,9.25
"1972",174.654883952183,0.4,1,9.25
"1973",175.060349060291,0.6,1,9.25
"1974",175.348031132743,0.8,1,9.25
"1975",175.571174684057,1,1,9.25
"1976",175.753496240851,1.2,1,9.25
"1977",175.907646920679,1.4,1,9.25
"1978",176.041178313303,1.6,1,9.25
"1979",176.158961348959,1.8,1,9.25
"1980",176.264321864617,2,1,9.25
"1981",114.717706843496,0,0.1,9.5
"1982",113.108268931062,0.2,0.1,9.5
"1983",113.801416111622,0.4,0.1,9.5
"1984",114.20688121973,0.6,0.1,9.5
"1985",114.494563292182,0.8,0.1,9.5
"1986",114.717706843496,1,0.1,9.5
"1987",114.90002840029,1.2,0.1,9.5
"1988",115.054179080117,1.4,0.1,9.5
"1989",115.187710472742,1.6,0.1,9.5
"1990",115.305493508398,1.8,0.1,9.5
"1991",115.410854024056,2,0.1,9.5
"1992",128.578802918048,0,0.2,9.5
"1993",126.969365005614,0.2,0.2,9.5
"1994",127.662512186174,0.4,0.2,9.5
"1995",128.067977294282,0.6,0.2,9.5
"1996",128.355659366734,0.8,0.2,9.5
"1997",128.578802918048,1,0.2,9.5
"1998",128.761124474842,1.2,0.2,9.5
"1999",128.915275154669,1.4,0.2,9.5
"2000",129.048806547294,1.6,0.2,9.5
"2001",129.16658958295,1.8,0.2,9.5
"2002",129.271950098608,2,0.2,9.5
"2003",139.351751618602,0,0.3,9.5
"2004",137.742313706168,0.2,0.3,9.5
"2005",138.435460886728,0.4,0.3,9.5
"2006",138.840925994836,0.6,0.3,9.5
"2007",139.128608067288,0.8,0.3,9.5
"2008",139.351751618602,1,0.3,9.5
"2009",139.534073175396,1.2,0.3,9.5
"2010",139.688223855223,1.4,0.3,9.5
"2011",139.821755247848,1.6,0.3,9.5
"2012",139.939538283504,1.8,0.3,9.5
"2013",140.044898799162,2,0.3,9.5
"2014",148.118412169005,0,0.4,9.5
"2015",146.508974256571,0.2,0.4,9.5
"2016",147.202121437131,0.4,0.4,9.5
"2017",147.607586545239,0.6,0.4,9.5
"2018",147.895268617691,0.8,0.4,9.5
"2019",148.118412169005,1,0.4,9.5
"2020",148.300733725799,1.2,0.4,9.5
"2021",148.454884405627,1.4,0.4,9.5
"2022",148.588415798251,1.6,0.4,9.5
"2023",148.706198833907,1.8,0.4,9.5
"2024",148.811559349565,2,0.4,9.5
"2025",155.392329499156,0,0.5,9.5
"2026",153.782891586722,0.2,0.5,9.5
"2027",154.476038767282,0.4,0.5,9.5
"2028",154.88150387539,0.6,0.5,9.5
"2029",155.169185947842,0.8,0.5,9.5
"2030",155.392329499156,1,0.5,9.5
"2031",155.57465105595,1.2,0.5,9.5
"2032",155.728801735777,1.4,0.5,9.5
"2033",155.862333128402,1.6,0.5,9.5
"2034",155.980116164058,1.8,0.5,9.5
"2035",156.085476679716,2,0.5,9.5
"2036",161.475761524368,0,0.6,9.5
"2037",159.866323611934,0.2,0.6,9.5
"2038",160.559470792494,0.4,0.6,9.5
"2039",160.964935900602,0.6,0.6,9.5
"2040",161.252617973054,0.8,0.6,9.5
"2041",161.475761524368,1,0.6,9.5
"2042",161.658083081162,1.2,0.6,9.5
"2043",161.812233760989,1.4,0.6,9.5
"2044",161.945765153614,1.6,0.6,9.5
"2045",162.06354818927,1.8,0.6,9.5
"2046",162.168908704928,2,0.6,9.5
"2047",166.568248471554,0,0.7,9.5
"2048",164.95881055912,0.2,0.7,9.5
"2049",165.65195773968,0.4,0.7,9.5
"2050",166.057422847788,0.6,0.7,9.5
"2051",166.34510492024,0.8,0.7,9.5
"2052",166.568248471554,1,0.7,9.5
"2053",166.750570028348,1.2,0.7,9.5
"2054",166.904720708176,1.4,0.7,9.5
"2055",167.0382521008,1.6,0.7,9.5
"2056",167.156035136457,1.8,0.7,9.5
"2057",167.261395652114,2,0.7,9.5
"2058",170.811451039556,0,0.8,9.5
"2059",169.202013127122,0.2,0.8,9.5
"2060",169.895160307681,0.4,0.8,9.5
"2061",170.30062541579,0.6,0.8,9.5
"2062",170.588307488241,0.8,0.8,9.5
"2063",170.811451039556,1,0.8,9.5
"2064",170.99377259635,1.2,0.8,9.5
"2065",171.147923276177,1.4,0.8,9.5
"2066",171.281454668801,1.6,0.8,9.5
"2067",171.399237704458,1.8,0.8,9.5
"2068",171.504598220116,2,0.8,9.5
"2069",174.311125958168,0,0.9,9.5
"2070",172.701688045734,0.2,0.9,9.5
"2071",173.394835226294,0.4,0.9,9.5
"2072",173.800300334402,0.6,0.9,9.5
"2073",174.087982406854,0.8,0.9,9.5
"2074",174.311125958168,1,0.9,9.5
"2075",174.493447514962,1.2,0.9,9.5
"2076",174.647598194789,1.4,0.9,9.5
"2077",174.781129587414,1.6,0.9,9.5
"2078",174.89891262307,1.8,0.9,9.5
"2079",175.004273138728,2,0.9,9.5
"2080",177.149254085253,0,1,9.5
"2081",175.539816172819,0.2,1,9.5
"2082",176.232963353379,0.4,1,9.5
"2083",176.638428461487,0.6,1,9.5
"2084",176.926110533939,0.8,1,9.5
"2085",177.149254085253,1,1,9.5
"2086",177.331575642047,1.2,1,9.5
"2087",177.485726321874,1.4,1,9.5
"2088",177.619257714499,1.6,1,9.5
"2089",177.737040750155,1.8,1,9.5
"2090",177.842401265813,2,1,9.5
"2091",114.870966351677,0,0.1,9.75
"2092",113.261528439243,0.2,0.1,9.75
"2093",113.954675619803,0.4,0.1,9.75
"2094",114.360140727911,0.6,0.1,9.75
"2095",114.647822800363,0.8,0.1,9.75
"2096",114.870966351677,1,0.1,9.75
"2097",115.053287908471,1.2,0.1,9.75
"2098",115.207438588298,1.4,0.1,9.75
"2099",115.340969980923,1.6,0.1,9.75
"2100",115.458753016579,1.8,0.1,9.75
"2101",115.564113532237,2,0.1,9.75
"2102",128.885346800563,0,0.2,9.75
"2103",127.275908888128,0.2,0.2,9.75
"2104",127.969056068688,0.4,0.2,9.75
"2105",128.374521176797,0.6,0.2,9.75
"2106",128.662203249248,0.8,0.2,9.75
"2107",128.885346800563,1,0.2,9.75
"2108",129.067668357357,1.2,0.2,9.75
"2109",129.221819037184,1.4,0.2,9.75
"2110",129.355350429808,1.6,0.2,9.75
"2111",129.473133465465,1.8,0.2,9.75
"2112",129.578493981123,2,0.2,9.75
"2113",139.811629786467,0,0.3,9.75
"2114",138.202191874033,0.2,0.3,9.75
"2115",138.895339054593,0.4,0.3,9.75
"2116",139.300804162701,0.6,0.3,9.75
"2117",139.588486235153,0.8,0.3,9.75
"2118",139.811629786467,1,0.3,9.75
"2119",139.993951343261,1.2,0.3,9.75
"2120",140.148102023088,1.4,0.3,9.75
"2121",140.281633415713,1.6,0.3,9.75
"2122",140.399416451369,1.8,0.3,9.75
"2123",140.504776967027,2,0.3,9.75
"2124",148.731699935528,0,0.4,9.75
"2125",147.122262023094,0.2,0.4,9.75
"2126",147.815409203654,0.4,0.4,9.75
"2127",148.220874311762,0.6,0.4,9.75
"2128",148.508556384214,0.8,0.4,9.75
"2129",148.731699935528,1,0.4,9.75
"2130",148.914021492322,1.2,0.4,9.75
"2131",149.06817217215,1.4,0.4,9.75
"2132",149.201703564774,1.6,0.4,9.75
"2133",149.31948660043,1.8,0.4,9.75
"2134",149.424847116088,2,0.4,9.75
"2135",156.15912811607,0,0.5,9.75
"2136",154.549690203636,0.2,0.5,9.75
"2137",155.242837384196,0.4,0.5,9.75
"2138",155.648302492305,0.6,0.5,9.75
"2139",155.935984564756,0.8,0.5,9.75
"2140",156.15912811607,1,0.5,9.75
"2141",156.341449672864,1.2,0.5,9.75
"2142",156.495600352692,1.4,0.5,9.75
"2143",156.629131745316,1.6,0.5,9.75
"2144",156.746914780973,1.8,0.5,9.75
"2145",156.85227529663,2,0.5,9.75
"2146",162.396198896684,0,0.6,9.75
"2147",160.78676098425,0.2,0.6,9.75
"2148",161.47990816481,0.4,0.6,9.75
"2149",161.885373272918,0.6,0.6,9.75
"2150",162.17305534537,0.8,0.6,9.75
"2151",162.396198896684,1,0.6,9.75
"2152",162.578520453478,1.2,0.6,9.75
"2153",162.732671133305,1.4,0.6,9.75
"2154",162.866202525929,1.6,0.6,9.75
"2155",162.983985561586,1.8,0.6,9.75
"2156",163.089346077244,2,0.6,9.75
"2157",167.642480051119,0,0.7,9.75
"2158",166.033042138685,0.2,0.7,9.75
"2159",166.726189319245,0.4,0.7,9.75
"2160",167.131654427353,0.6,0.7,9.75
"2161",167.419336499805,0.8,0.7,9.75
"2162",167.642480051119,1,0.7,9.75
"2163",167.824801607913,1.2,0.7,9.75
"2164",167.978952287741,1.4,0.7,9.75
"2165",168.112483680365,1.6,0.7,9.75
"2166",168.230266716022,1.8,0.7,9.75
"2167",168.335627231679,2,0.7,9.75
"2168",172.03966089733,0,0.8,9.75
"2169",170.430222984895,0.2,0.8,9.75
"2170",171.123370165455,0.4,0.8,9.75
"2171",171.528835273564,0.6,0.8,9.75
"2172",171.816517346015,0.8,0.8,9.75
"2173",172.03966089733,1,0.8,9.75
"2174",172.221982454124,1.2,0.8,9.75
"2175",172.376133133951,1.4,0.8,9.75
"2176",172.509664526575,1.6,0.8,9.75
"2177",172.627447562232,1.8,0.8,9.75
"2178",172.73280807789,2,0.8,9.75
"2179",175.693530459013,0,0.9,9.75
"2180",174.084092546579,0.2,0.9,9.75
"2181",174.777239727139,0.4,0.9,9.75
"2182",175.182704835247,0.6,0.9,9.75
"2183",175.470386907699,0.8,0.9,9.75
"2184",175.693530459013,1,0.9,9.75
"2185",175.875852015807,1.2,0.9,9.75
"2186",176.030002695634,1.4,0.9,9.75
"2187",176.163534088259,1.6,0.9,9.75
"2188",176.281317123915,1.8,0.9,9.75
"2189",176.386677639573,2,0.9,9.75
"2190",178.686098689989,0,1,9.75
"2191",177.076660777555,0.2,1,9.75
"2192",177.769807958115,0.4,1,9.75
"2193",178.175273066223,0.6,1,9.75
"2194",178.462955138675,0.8,1,9.75
"2195",178.686098689989,1,1,9.75
"2196",178.868420246783,1.2,1,9.75
"2197",179.02257092661,1.4,1,9.75
"2198",179.156102319234,1.6,1,9.75
"2199",179.273885354891,1.8,1,9.75
"2200",179.379245870549,2,1,9.75
"2201",115.020345262925,0,0.1,10
"2202",113.410907350491,0.2,0.1,10
"2203",114.104054531051,0.4,0.1,10
"2204",114.509519639159,0.6,0.1,10
"2205",114.797201711611,0.8,0.1,10
"2206",115.020345262925,1,0.1,10
"2207",115.202666819719,1.2,0.1,10
"2208",115.356817499546,1.4,0.1,10
"2209",115.490348892171,1.6,0.1,10
"2210",115.608131927827,1.8,0.1,10
"2211",115.713492443485,2,0.1,10
"2212",129.18412762101,0,0.2,10
"2213",127.574689708576,0.2,0.2,10
"2214",128.267836889136,0.4,0.2,10
"2215",128.673301997244,0.6,0.2,10
"2216",128.960984069696,0.8,0.2,10
"2217",129.18412762101,1,0.2,10
"2218",129.366449177804,1.2,0.2,10
"2219",129.520599857632,1.4,0.2,10
"2220",129.654131250256,1.6,0.2,10
"2221",129.771914285912,1.8,0.2,10
"2222",129.87727480157,2,0.2,10
"2223",140.259858730677,0,0.3,10
"2224",138.650420818242,0.2,0.3,10
"2225",139.343567998802,0.4,0.3,10
"2226",139.749033106911,0.6,0.3,10
"2227",140.036715179362,0.8,0.3,10
"2228",140.259858730677,1,0.3,10
"2229",140.442180287471,1.2,0.3,10
"2230",140.596330967298,1.4,0.3,10
"2231",140.729862359922,1.6,0.3,10
"2232",140.847645395579,1.8,0.3,10
"2233",140.953005911236,2,0.3,10
"2234",149.329446699907,0,0.4,10
"2235",147.720008787473,0.2,0.4,10
"2236",148.413155968033,0.4,0.4,10
"2237",148.818621076141,0.6,0.4,10
"2238",149.106303148593,0.8,0.4,10
"2239",149.329446699907,1,0.4,10
"2240",149.511768256701,1.2,0.4,10
"2241",149.665918936528,1.4,0.4,10
"2242",149.799450329153,1.6,0.4,10
"2243",149.917233364809,1.8,0.4,10
"2244",150.022593880467,2,0.4,10
"2245",156.906486362765,0,0.5,10
"2246",155.297048450331,0.2,0.5,10
"2247",155.990195630891,0.4,0.5,10
"2248",156.395660738999,0.6,0.5,10
"2249",156.683342811451,0.8,0.5,10
"2250",156.906486362765,1,0.5,10
"2251",157.088807919559,1.2,0.5,10
"2252",157.242958599386,1.4,0.5,10
"2253",157.376489992011,1.6,0.5,10
"2254",157.494273027667,1.8,0.5,10
"2255",157.599633543325,2,0.5,10
"2256",163.293286882382,0,0.6,10
"2257",161.683848969948,0.2,0.6,10
"2258",162.376996150508,0.4,0.6,10
"2259",162.782461258616,0.6,0.6,10
"2260",163.070143331068,0.8,0.6,10
"2261",163.293286882382,1,0.6,10
"2262",163.475608439176,1.2,0.6,10
"2263",163.629759119003,1.4,0.6,10
"2264",163.763290511628,1.6,0.6,10
"2265",163.881073547284,1.8,0.6,10
"2266",163.986434062942,2,0.6,10
"2267",168.689441413055,0,0.7,10
"2268",167.080003500621,0.2,0.7,10
"2269",167.773150681181,0.4,0.7,10
"2270",168.178615789289,0.6,0.7,10
"2271",168.466297861741,0.8,0.7,10
"2272",168.689441413055,1,0.7,10
"2273",168.871762969849,1.2,0.7,10
"2274",169.025913649676,1.4,0.7,10
"2275",169.159445042301,1.6,0.7,10
"2276",169.277228077957,1.8,0.7,10
"2277",169.382588593615,2,0.7,10
"2278",173.236665596486,0,0.8,10
"2279",171.627227684052,0.2,0.8,10
"2280",172.320374864612,0.4,0.8,10
"2281",172.72583997272,0.6,0.8,10
"2282",173.013522045172,0.8,0.8,10
"2283",173.236665596486,1,0.8,10
"2284",173.41898715328,1.2,0.8,10
"2285",173.573137833107,1.4,0.8,10
"2286",173.706669225732,1.6,0.8,10
"2287",173.824452261388,1.8,0.8,10
"2288",173.929812777046,2,0.8,10
"2289",177.040777905916,0,0.9,10
"2290",175.431339993482,0.2,0.9,10
"2291",176.124487174042,0.4,0.9,10
"2292",176.52995228215,0.6,0.9,10
"2293",176.817634354602,0.8,0.9,10
"2294",177.040777905916,1,0.9,10
"2295",177.22309946271,1.2,0.9,10
"2296",177.377250142538,1.4,0.9,10
"2297",177.510781535162,1.6,0.9,10
"2298",177.628564570819,1.8,0.9,10
"2299",177.733925086476,2,0.9,10
"2300",180.183815135344,0,1,10
"2301",178.57437722291,0.2,1,10
"2302",179.26752440347,0.4,1,10
"2303",179.672989511578,0.6,1,10
"2304",179.96067158403,0.8,1,10
"2305",180.183815135344,1,1,10
"2306",180.366136692138,1.2,1,10
"2307",180.520287371965,1.4,1,10
"2308",180.65381876459,1.6,1,10
"2309",180.771601800246,1.8,1,10
"2310",180.876962315904,2,1,10
