"","ld2","Var1","Var2","Var3"
"1",110.930555450955,5,0,0.1
"2",111.218444880727,5.25,0,0.1
"3",111.492936772488,5.5,0,0.1
"4",111.755222932808,5.75,0,0.1
"5",112.006342876751,6,0,0.1
"6",112.24720871982,6.25,0,0.1
"7",112.478625182908,6.5,0,0.1
"8",112.701305818299,6.75,0,0.1
"9",112.915886282288,7,0,0.1
"10",113.122935276928,7.25,0,0.1
"11",113.322963635501,7.5,0,0.1
"12",113.516431917281,7.75,0,0.1
"13",113.703756795787,8,0,0.1
"14",113.885316463481,8.25,0,0.1
"15",114.061455229217,8.5,0,0.1
"16",114.232487448941,8.75,0,0.1
"17",114.398700902427,9,0,0.1
"18",114.560359707162,9.25,0,0.1
"19",114.717706843496,9.5,0,0.1
"20",114.870966351677,9.75,0,0.1
"21",115.020345262925,10,0,0.1
"22",109.321117538521,5,0.2,0.1
"23",109.609006968293,5.25,0.2,0.1
"24",109.883498860054,5.5,0.2,0.1
"25",110.145785020374,5.75,0.2,0.1
"26",110.396904964317,6,0.2,0.1
"27",110.637770807386,6.25,0.2,0.1
"28",110.869187270474,6.5,0.2,0.1
"29",111.091867905865,6.75,0.2,0.1
"30",111.306448369854,7,0.2,0.1
"31",111.513497364493,7.25,0.2,0.1
"32",111.713525723066,7.5,0.2,0.1
"33",111.906994004847,7.75,0.2,0.1
"34",112.094318883353,8,0.2,0.1
"35",112.275878551047,8.25,0.2,0.1
"36",112.452017316782,8.5,0.2,0.1
"37",112.623049536507,8.75,0.2,0.1
"38",112.789262989993,9,0.2,0.1
"39",112.950921794727,9.25,0.2,0.1
"40",113.108268931062,9.5,0.2,0.1
"41",113.261528439243,9.75,0.2,0.1
"42",113.410907350491,10,0.2,0.1
"43",110.01426471908,5,0.4,0.1
"44",110.302154148852,5.25,0.4,0.1
"45",110.576646040614,5.5,0.4,0.1
"46",110.838932200934,5.75,0.4,0.1
"47",111.090052144877,6,0.4,0.1
"48",111.330917987946,6.25,0.4,0.1
"49",111.562334451034,6.5,0.4,0.1
"50",111.785015086425,6.75,0.4,0.1
"51",111.999595550414,7,0.4,0.1
"52",112.206644545053,7.25,0.4,0.1
"53",112.406672903626,7.5,0.4,0.1
"54",112.600141185407,7.75,0.4,0.1
"55",112.787466063913,8,0.4,0.1
"56",112.969025731607,8.25,0.4,0.1
"57",113.145164497342,8.5,0.4,0.1
"58",113.316196717066,8.75,0.4,0.1
"59",113.482410170552,9,0.4,0.1
"60",113.644068975287,9.25,0.4,0.1
"61",113.801416111622,9.5,0.4,0.1
"62",113.954675619803,9.75,0.4,0.1
"63",114.104054531051,10,0.4,0.1
"64",110.419729827189,5,0.6,0.1
"65",110.707619256961,5.25,0.6,0.1
"66",110.982111148722,5.5,0.6,0.1
"67",111.244397309042,5.75,0.6,0.1
"68",111.495517252985,6,0.6,0.1
"69",111.736383096054,6.25,0.6,0.1
"70",111.967799559142,6.5,0.6,0.1
"71",112.190480194533,6.75,0.6,0.1
"72",112.405060658522,7,0.6,0.1
"73",112.612109653162,7.25,0.6,0.1
"74",112.812138011735,7.5,0.6,0.1
"75",113.005606293515,7.75,0.6,0.1
"76",113.192931172021,8,0.6,0.1
"77",113.374490839715,8.25,0.6,0.1
"78",113.550629605451,8.5,0.6,0.1
"79",113.721661825175,8.75,0.6,0.1
"80",113.887875278661,9,0.6,0.1
"81",114.049534083396,9.25,0.6,0.1
"82",114.20688121973,9.5,0.6,0.1
"83",114.360140727911,9.75,0.6,0.1
"84",114.509519639159,10,0.6,0.1
"85",110.70741189964,5,0.8,0.1
"86",110.995301329412,5.25,0.8,0.1
"87",111.269793221174,5.5,0.8,0.1
"88",111.532079381494,5.75,0.8,0.1
"89",111.783199325437,6,0.8,0.1
"90",112.024065168506,6.25,0.8,0.1
"91",112.255481631594,6.5,0.8,0.1
"92",112.478162266985,6.75,0.8,0.1
"93",112.692742730974,7,0.8,0.1
"94",112.899791725613,7.25,0.8,0.1
"95",113.099820084186,7.5,0.8,0.1
"96",113.293288365967,7.75,0.8,0.1
"97",113.480613244473,8,0.8,0.1
"98",113.662172912167,8.25,0.8,0.1
"99",113.838311677902,8.5,0.8,0.1
"100",114.009343897626,8.75,0.8,0.1
"101",114.175557351112,9,0.8,0.1
"102",114.337216155847,9.25,0.8,0.1
"103",114.494563292182,9.5,0.8,0.1
"104",114.647822800363,9.75,0.8,0.1
"105",114.797201711611,10,0.8,0.1
"106",110.930555450955,5,1,0.1
"107",111.218444880727,5.25,1,0.1
"108",111.492936772488,5.5,1,0.1
"109",111.755222932808,5.75,1,0.1
"110",112.006342876751,6,1,0.1
"111",112.24720871982,6.25,1,0.1
"112",112.478625182908,6.5,1,0.1
"113",112.701305818299,6.75,1,0.1
"114",112.915886282288,7,1,0.1
"115",113.122935276928,7.25,1,0.1
"116",113.322963635501,7.5,1,0.1
"117",113.516431917281,7.75,1,0.1
"118",113.703756795787,8,1,0.1
"119",113.885316463481,8.25,1,0.1
"120",114.061455229217,8.5,1,0.1
"121",114.232487448941,8.75,1,0.1
"122",114.398700902427,9,1,0.1
"123",114.560359707162,9.25,1,0.1
"124",114.717706843496,9.5,1,0.1
"125",114.870966351677,9.75,1,0.1
"126",115.020345262925,10,1,0.1
"127",111.112877007749,5,1.2,0.1
"128",111.400766437521,5.25,1.2,0.1
"129",111.675258329282,5.5,1.2,0.1
"130",111.937544489602,5.75,1.2,0.1
"131",112.188664433545,6,1.2,0.1
"132",112.429530276614,6.25,1.2,0.1
"133",112.660946739702,6.5,1.2,0.1
"134",112.883627375093,6.75,1.2,0.1
"135",113.098207839082,7,1.2,0.1
"136",113.305256833721,7.25,1.2,0.1
"137",113.505285192295,7.5,1.2,0.1
"138",113.698753474075,7.75,1.2,0.1
"139",113.886078352581,8,1.2,0.1
"140",114.067638020275,8.25,1.2,0.1
"141",114.24377678601,8.5,1.2,0.1
"142",114.414809005735,8.75,1.2,0.1
"143",114.581022459221,9,1.2,0.1
"144",114.742681263955,9.25,1.2,0.1
"145",114.90002840029,9.5,1.2,0.1
"146",115.053287908471,9.75,1.2,0.1
"147",115.202666819719,10,1.2,0.1
"148",111.267027687576,5,1.4,0.1
"149",111.554917117348,5.25,1.4,0.1
"150",111.829409009109,5.5,1.4,0.1
"151",112.091695169429,5.75,1.4,0.1
"152",112.342815113373,6,1.4,0.1
"153",112.583680956442,6.25,1.4,0.1
"154",112.815097419529,6.5,1.4,0.1
"155",113.03777805492,6.75,1.4,0.1
"156",113.25235851891,7,1.4,0.1
"157",113.459407513549,7.25,1.4,0.1
"158",113.659435872122,7.5,1.4,0.1
"159",113.852904153902,7.75,1.4,0.1
"160",114.040229032408,8,1.4,0.1
"161",114.221788700102,8.25,1.4,0.1
"162",114.397927465838,8.5,1.4,0.1
"163",114.568959685562,8.75,1.4,0.1
"164",114.735173139048,9,1.4,0.1
"165",114.896831943783,9.25,1.4,0.1
"166",115.054179080117,9.5,1.4,0.1
"167",115.207438588298,9.75,1.4,0.1
"168",115.356817499546,10,1.4,0.1
"169",111.4005590802,5,1.6,0.1
"170",111.688448509972,5.25,1.6,0.1
"171",111.962940401734,5.5,1.6,0.1
"172",112.225226562054,5.75,1.6,0.1
"173",112.476346505997,6,1.6,0.1
"174",112.717212349066,6.25,1.6,0.1
"175",112.948628812154,6.5,1.6,0.1
"176",113.171309447545,6.75,1.6,0.1
"177",113.385889911534,7,1.6,0.1
"178",113.592938906173,7.25,1.6,0.1
"179",113.792967264746,7.5,1.6,0.1
"180",113.986435546527,7.75,1.6,0.1
"181",114.173760425033,8,1.6,0.1
"182",114.355320092727,8.25,1.6,0.1
"183",114.531458858462,8.5,1.6,0.1
"184",114.702491078186,8.75,1.6,0.1
"185",114.868704531672,9,1.6,0.1
"186",115.030363336407,9.25,1.6,0.1
"187",115.187710472742,9.5,1.6,0.1
"188",115.340969980923,9.75,1.6,0.1
"189",115.490348892171,10,1.6,0.1
"190",111.518342115857,5,1.8,0.1
"191",111.806231545629,5.25,1.8,0.1
"192",112.08072343739,5.5,1.8,0.1
"193",112.34300959771,5.75,1.8,0.1
"194",112.594129541654,6,1.8,0.1
"195",112.834995384723,6.25,1.8,0.1
"196",113.06641184781,6.5,1.8,0.1
"197",113.289092483201,6.75,1.8,0.1
"198",113.503672947191,7,1.8,0.1
"199",113.71072194183,7.25,1.8,0.1
"200",113.910750300403,7.5,1.8,0.1
"201",114.104218582183,7.75,1.8,0.1
"202",114.291543460689,8,1.8,0.1
"203",114.473103128383,8.25,1.8,0.1
"204",114.649241894119,8.5,1.8,0.1
"205",114.820274113843,8.75,1.8,0.1
"206",114.986487567329,9,1.8,0.1
"207",115.148146372064,9.25,1.8,0.1
"208",115.305493508398,9.5,1.8,0.1
"209",115.458753016579,9.75,1.8,0.1
"210",115.608131927827,10,1.8,0.1
"211",111.623702631515,5,2,0.1
"212",111.911592061287,5.25,2,0.1
"213",112.186083953048,5.5,2,0.1
"214",112.448370113368,5.75,2,0.1
"215",112.699490057311,6,2,0.1
"216",112.94035590038,6.25,2,0.1
"217",113.171772363468,6.5,2,0.1
"218",113.394452998859,6.75,2,0.1
"219",113.609033462848,7,2,0.1
"220",113.816082457487,7.25,2,0.1
"221",114.016110816061,7.5,2,0.1
"222",114.209579097841,7.75,2,0.1
"223",114.396903976347,8,2,0.1
"224",114.578463644041,8.25,2,0.1
"225",114.754602409776,8.5,2,0.1
"226",114.925634629501,8.75,2,0.1
"227",115.091848082987,9,2,0.1
"228",115.253506887721,9.25,2,0.1
"229",115.410854024056,9.5,2,0.1
"230",115.564113532237,9.75,2,0.1
"231",115.713492443485,10,2,0.1
"232",121.003214990403,5,0,0.2
"233",121.579159453826,5.25,0,0.2
"234",122.128286693773,5.5,0,0.2
"235",122.652984106475,5.75,0,0.2
"236",123.155333730037,6,0,0.2
"237",123.637162211495,6.25,0,0.2
"238",124.100080951278,6.5,0,0.2
"239",124.545518655373,6.75,0,0.2
"240",124.974747956028,7,0,0.2
"241",125.388907352725,7.25,0,0.2
"242",125.789019427396,7.5,0,0.2
"243",126.17600606831,7.75,0,0.2
"244",126.55070127355,8,0,0.2
"245",126.913861981709,8.25,0,0.2
"246",127.26617728377,8.5,0,0.2
"247",127.60827629812,8.75,0,0.2
"248",127.940734935017,9,0,0.2
"249",128.26408173331,9.25,0,0.2
"250",128.578802918048,9.5,0,0.2
"251",128.885346800563,9.75,0,0.2
"252",129.18412762101,10,0,0.2
"253",119.393777077969,5,0.2,0.2
"254",119.969721541391,5.25,0.2,0.2
"255",120.518848781339,5.5,0.2,0.2
"256",121.043546194041,5.75,0.2,0.2
"257",121.545895817603,6,0.2,0.2
"258",122.027724299061,6.25,0.2,0.2
"259",122.490643038844,6.5,0.2,0.2
"260",122.936080742939,6.75,0.2,0.2
"261",123.365310043594,7,0.2,0.2
"262",123.779469440291,7.25,0.2,0.2
"263",124.179581514962,7.5,0.2,0.2
"264",124.566568155876,7.75,0.2,0.2
"265",124.941263361115,8,0.2,0.2
"266",125.304424069275,8.25,0.2,0.2
"267",125.656739371336,8.5,0.2,0.2
"268",125.998838385686,8.75,0.2,0.2
"269",126.331297022583,9,0.2,0.2
"270",126.654643820876,9.25,0.2,0.2
"271",126.969365005614,9.5,0.2,0.2
"272",127.275908888128,9.75,0.2,0.2
"273",127.574689708576,10,0.2,0.2
"274",120.086924258529,5,0.4,0.2
"275",120.662868721951,5.25,0.4,0.2
"276",121.211995961899,5.5,0.4,0.2
"277",121.7366933746,5.75,0.4,0.2
"278",122.239042998163,6,0.4,0.2
"279",122.720871479621,6.25,0.4,0.2
"280",123.183790219403,6.5,0.4,0.2
"281",123.629227923499,6.75,0.4,0.2
"282",124.058457224154,7,0.4,0.2
"283",124.472616620851,7.25,0.4,0.2
"284",124.872728695522,7.5,0.4,0.2
"285",125.259715336436,7.75,0.4,0.2
"286",125.634410541675,8,0.4,0.2
"287",125.997571249835,8.25,0.4,0.2
"288",126.349886551896,8.5,0.4,0.2
"289",126.691985566246,8.75,0.4,0.2
"290",127.024444203143,9,0.4,0.2
"291",127.347791001436,9.25,0.4,0.2
"292",127.662512186174,9.5,0.4,0.2
"293",127.969056068688,9.75,0.4,0.2
"294",128.267836889136,10,0.4,0.2
"295",120.492389366637,5,0.6,0.2
"296",121.06833383006,5.25,0.6,0.2
"297",121.617461070007,5.5,0.6,0.2
"298",122.142158482709,5.75,0.6,0.2
"299",122.644508106271,6,0.6,0.2
"300",123.126336587729,6.25,0.6,0.2
"301",123.589255327512,6.5,0.6,0.2
"302",124.034693031607,6.75,0.6,0.2
"303",124.463922332262,7,0.6,0.2
"304",124.878081728959,7.25,0.6,0.2
"305",125.27819380363,7.5,0.6,0.2
"306",125.665180444544,7.75,0.6,0.2
"307",126.039875649784,8,0.6,0.2
"308",126.403036357943,8.25,0.6,0.2
"309",126.755351660004,8.5,0.6,0.2
"310",127.097450674354,8.75,0.6,0.2
"311",127.429909311251,9,0.6,0.2
"312",127.753256109544,9.25,0.6,0.2
"313",128.067977294282,9.5,0.6,0.2
"314",128.374521176797,9.75,0.6,0.2
"315",128.673301997244,10,0.6,0.2
"316",120.780071439089,5,0.8,0.2
"317",121.356015902511,5.25,0.8,0.2
"318",121.905143142459,5.5,0.8,0.2
"319",122.42984055516,5.75,0.8,0.2
"320",122.932190178722,6,0.8,0.2
"321",123.41401866018,6.25,0.8,0.2
"322",123.876937399963,6.5,0.8,0.2
"323",124.322375104059,6.75,0.8,0.2
"324",124.751604404713,7,0.8,0.2
"325",125.165763801411,7.25,0.8,0.2
"326",125.565875876082,7.5,0.8,0.2
"327",125.952862516996,7.75,0.8,0.2
"328",126.327557722235,8,0.8,0.2
"329",126.690718430395,8.25,0.8,0.2
"330",127.043033732456,8.5,0.8,0.2
"331",127.385132746806,8.75,0.8,0.2
"332",127.717591383703,9,0.8,0.2
"333",128.040938181996,9.25,0.8,0.2
"334",128.355659366734,9.5,0.8,0.2
"335",128.662203249248,9.75,0.8,0.2
"336",128.960984069696,10,0.8,0.2
"337",121.003214990403,5,1,0.2
"338",121.579159453826,5.25,1,0.2
"339",122.128286693773,5.5,1,0.2
"340",122.652984106475,5.75,1,0.2
"341",123.155333730037,6,1,0.2
"342",123.637162211495,6.25,1,0.2
"343",124.100080951278,6.5,1,0.2
"344",124.545518655373,6.75,1,0.2
"345",124.974747956028,7,1,0.2
"346",125.388907352725,7.25,1,0.2
"347",125.789019427396,7.5,1,0.2
"348",126.17600606831,7.75,1,0.2
"349",126.55070127355,8,1,0.2
"350",126.913861981709,8.25,1,0.2
"351",127.26617728377,8.5,1,0.2
"352",127.60827629812,8.75,1,0.2
"353",127.940734935017,9,1,0.2
"354",128.26408173331,9.25,1,0.2
"355",128.578802918048,9.5,1,0.2
"356",128.885346800563,9.75,1,0.2
"357",129.18412762101,10,1,0.2
"358",121.185536547197,5,1.2,0.2
"359",121.761481010619,5.25,1.2,0.2
"360",122.310608250567,5.5,1.2,0.2
"361",122.835305663269,5.75,1.2,0.2
"362",123.337655286831,6,1.2,0.2
"363",123.819483768289,6.25,1.2,0.2
"364",124.282402508072,6.5,1.2,0.2
"365",124.727840212167,6.75,1.2,0.2
"366",125.157069512822,7,1.2,0.2
"367",125.571228909519,7.25,1.2,0.2
"368",125.97134098419,7.5,1.2,0.2
"369",126.358327625104,7.75,1.2,0.2
"370",126.733022830343,8,1.2,0.2
"371",127.096183538503,8.25,1.2,0.2
"372",127.448498840564,8.5,1.2,0.2
"373",127.790597854914,8.75,1.2,0.2
"374",128.123056491811,9,1.2,0.2
"375",128.446403290104,9.25,1.2,0.2
"376",128.761124474842,9.5,1.2,0.2
"377",129.067668357357,9.75,1.2,0.2
"378",129.366449177804,10,1.2,0.2
"379",121.339687227024,5,1.4,0.2
"380",121.915631690447,5.25,1.4,0.2
"381",122.464758930394,5.5,1.4,0.2
"382",122.989456343096,5.75,1.4,0.2
"383",123.491805966658,6,1.4,0.2
"384",123.973634448116,6.25,1.4,0.2
"385",124.436553187899,6.5,1.4,0.2
"386",124.881990891995,6.75,1.4,0.2
"387",125.311220192649,7,1.4,0.2
"388",125.725379589347,7.25,1.4,0.2
"389",126.125491664017,7.5,1.4,0.2
"390",126.512478304932,7.75,1.4,0.2
"391",126.887173510171,8,1.4,0.2
"392",127.250334218331,8.25,1.4,0.2
"393",127.602649520391,8.5,1.4,0.2
"394",127.944748534741,8.75,1.4,0.2
"395",128.277207171639,9,1.4,0.2
"396",128.600553969931,9.25,1.4,0.2
"397",128.915275154669,9.5,1.4,0.2
"398",129.221819037184,9.75,1.4,0.2
"399",129.520599857632,10,1.4,0.2
"400",121.473218619649,5,1.6,0.2
"401",122.049163083071,5.25,1.6,0.2
"402",122.598290323019,5.5,1.6,0.2
"403",123.12298773572,5.75,1.6,0.2
"404",123.625337359282,6,1.6,0.2
"405",124.10716584074,6.25,1.6,0.2
"406",124.570084580523,6.5,1.6,0.2
"407",125.015522284619,6.75,1.6,0.2
"408",125.444751585273,7,1.6,0.2
"409",125.858910981971,7.25,1.6,0.2
"410",126.259023056642,7.5,1.6,0.2
"411",126.646009697556,7.75,1.6,0.2
"412",127.020704902795,8,1.6,0.2
"413",127.383865610955,8.25,1.6,0.2
"414",127.736180913016,8.5,1.6,0.2
"415",128.078279927366,8.75,1.6,0.2
"416",128.410738564263,9,1.6,0.2
"417",128.734085362556,9.25,1.6,0.2
"418",129.048806547294,9.5,1.6,0.2
"419",129.355350429808,9.75,1.6,0.2
"420",129.654131250256,10,1.6,0.2
"421",121.591001655305,5,1.8,0.2
"422",122.166946118728,5.25,1.8,0.2
"423",122.716073358675,5.5,1.8,0.2
"424",123.240770771377,5.75,1.8,0.2
"425",123.743120394939,6,1.8,0.2
"426",124.224948876397,6.25,1.8,0.2
"427",124.68786761618,6.5,1.8,0.2
"428",125.133305320276,6.75,1.8,0.2
"429",125.56253462093,7,1.8,0.2
"430",125.976694017628,7.25,1.8,0.2
"431",126.376806092298,7.5,1.8,0.2
"432",126.763792733213,7.75,1.8,0.2
"433",127.138487938452,8,1.8,0.2
"434",127.501648646612,8.25,1.8,0.2
"435",127.853963948672,8.5,1.8,0.2
"436",128.196062963022,8.75,1.8,0.2
"437",128.52852159992,9,1.8,0.2
"438",128.851868398212,9.25,1.8,0.2
"439",129.16658958295,9.5,1.8,0.2
"440",129.473133465465,9.75,1.8,0.2
"441",129.771914285912,10,1.8,0.2
"442",121.696362170963,5,2,0.2
"443",122.272306634385,5.25,2,0.2
"444",122.821433874333,5.5,2,0.2
"445",123.346131287035,5.75,2,0.2
"446",123.848480910597,6,2,0.2
"447",124.330309392055,6.25,2,0.2
"448",124.793228131838,6.5,2,0.2
"449",125.238665835933,6.75,2,0.2
"450",125.667895136588,7,2,0.2
"451",126.082054533285,7.25,2,0.2
"452",126.482166607956,7.5,2,0.2
"453",126.86915324887,7.75,2,0.2
"454",127.243848454109,8,2,0.2
"455",127.607009162269,8.25,2,0.2
"456",127.95932446433,8.5,2,0.2
"457",128.30142347868,8.75,2,0.2
"458",128.633882115577,9,2,0.2
"459",128.95722891387,9.25,2,0.2
"460",129.271950098608,9.5,2,0.2
"461",129.578493981123,9.75,2,0.2
"462",129.87727480157,10,2,0.2
"463",127.985135081641,5,0,0.3
"464",128.849469970692,5.25,0,0.3
"465",129.673522768336,5.5,0,0.3
"466",130.460884243283,5.75,0,0.3
"467",131.214685130018,6,0,0.3
"468",131.937671555118,6.25,0,0.3
"469",132.632265602356,6.5,0,0.3
"470",133.300614399591,6.75,0,0.3
"471",133.944630244197,7,0,0.3
"472",134.566023662311,7.25,0,0.3
"473",135.166330845155,7.5,0,0.3
"474",135.746936572939,7.75,0,0.3
"475",136.30909348899,8,0,0.3
"476",136.85393840021,8.25,0,0.3
"477",137.382506138163,8.5,0,0.3
"478",137.895741406294,8.75,0,0.3
"479",138.394508954606,9,0,0.3
"480",138.879602357467,9.25,0,0.3
"481",139.351751618602,9.5,0,0.3
"482",139.811629786467,9.75,0,0.3
"483",140.259858730677,10,0,0.3
"484",126.375697169206,5,0.2,0.3
"485",127.240032058258,5.25,0.2,0.3
"486",128.064084855902,5.5,0.2,0.3
"487",128.851446330849,5.75,0.2,0.3
"488",129.605247217584,6,0.2,0.3
"489",130.328233642684,6.25,0.2,0.3
"490",131.022827689922,6.5,0.2,0.3
"491",131.691176487156,6.75,0.2,0.3
"492",132.335192331763,7,0.2,0.3
"493",132.956585749877,7.25,0.2,0.3
"494",133.556892932721,7.5,0.2,0.3
"495",134.137498660505,7.75,0.2,0.3
"496",134.699655576556,8,0.2,0.3
"497",135.244500487776,8.25,0.2,0.3
"498",135.773068225729,8.5,0.2,0.3
"499",136.28630349386,8.75,0.2,0.3
"500",136.785071042171,9,0.2,0.3
"501",137.270164445033,9.25,0.2,0.3
"502",137.742313706168,9.5,0.2,0.3
"503",138.202191874033,9.75,0.2,0.3
"504",138.650420818242,10,0.2,0.3
"505",127.068844349766,5,0.4,0.3
"506",127.933179238818,5.25,0.4,0.3
"507",128.757232036462,5.5,0.4,0.3
"508",129.544593511409,5.75,0.4,0.3
"509",130.298394398144,6,0.4,0.3
"510",131.021380823244,6.25,0.4,0.3
"511",131.715974870482,6.5,0.4,0.3
"512",132.384323667716,6.75,0.4,0.3
"513",133.028339512323,7,0.4,0.3
"514",133.649732930437,7.25,0.4,0.3
"515",134.250040113281,7.5,0.4,0.3
"516",134.830645841065,7.75,0.4,0.3
"517",135.392802757116,8,0.4,0.3
"518",135.937647668336,8.25,0.4,0.3
"519",136.466215406289,8.5,0.4,0.3
"520",136.97945067442,8.75,0.4,0.3
"521",137.478218222731,9,0.4,0.3
"522",137.963311625593,9.25,0.4,0.3
"523",138.435460886728,9.5,0.4,0.3
"524",138.895339054593,9.75,0.4,0.3
"525",139.343567998802,10,0.4,0.3
"526",127.474309457875,5,0.6,0.3
"527",128.338644346926,5.25,0.6,0.3
"528",129.16269714457,5.5,0.6,0.3
"529",129.950058619517,5.75,0.6,0.3
"530",130.703859506253,6,0.6,0.3
"531",131.426845931352,6.25,0.6,0.3
"532",132.12143997859,6.5,0.6,0.3
"533",132.789788775825,6.75,0.6,0.3
"534",133.433804620431,7,0.6,0.3
"535",134.055198038545,7.25,0.6,0.3
"536",134.655505221389,7.5,0.6,0.3
"537",135.236110949173,7.75,0.6,0.3
"538",135.798267865224,8,0.6,0.3
"539",136.343112776444,8.25,0.6,0.3
"540",136.871680514397,8.5,0.6,0.3
"541",137.384915782528,8.75,0.6,0.3
"542",137.88368333084,9,0.6,0.3
"543",138.368776733701,9.25,0.6,0.3
"544",138.840925994836,9.5,0.6,0.3
"545",139.300804162701,9.75,0.6,0.3
"546",139.749033106911,10,0.6,0.3
"547",127.761991530326,5,0.8,0.3
"548",128.626326419378,5.25,0.8,0.3
"549",129.450379217022,5.5,0.8,0.3
"550",130.237740691969,5.75,0.8,0.3
"551",130.991541578704,6,0.8,0.3
"552",131.714528003804,6.25,0.8,0.3
"553",132.409122051042,6.5,0.8,0.3
"554",133.077470848276,6.75,0.8,0.3
"555",133.721486692882,7,0.8,0.3
"556",134.342880110997,7.25,0.8,0.3
"557",134.943187293841,7.5,0.8,0.3
"558",135.523793021625,7.75,0.8,0.3
"559",136.085949937676,8,0.8,0.3
"560",136.630794848896,8.25,0.8,0.3
"561",137.159362586849,8.5,0.8,0.3
"562",137.67259785498,8.75,0.8,0.3
"563",138.171365403291,9,0.8,0.3
"564",138.656458806153,9.25,0.8,0.3
"565",139.128608067288,9.5,0.8,0.3
"566",139.588486235153,9.75,0.8,0.3
"567",140.036715179362,10,0.8,0.3
"568",127.985135081641,5,1,0.3
"569",128.849469970692,5.25,1,0.3
"570",129.673522768336,5.5,1,0.3
"571",130.460884243283,5.75,1,0.3
"572",131.214685130018,6,1,0.3
"573",131.937671555118,6.25,1,0.3
"574",132.632265602356,6.5,1,0.3
"575",133.300614399591,6.75,1,0.3
"576",133.944630244197,7,1,0.3
"577",134.566023662311,7.25,1,0.3
"578",135.166330845155,7.5,1,0.3
"579",135.746936572939,7.75,1,0.3
"580",136.30909348899,8,1,0.3
"581",136.85393840021,8.25,1,0.3
"582",137.382506138163,8.5,1,0.3
"583",137.895741406294,8.75,1,0.3
"584",138.394508954606,9,1,0.3
"585",138.879602357467,9.25,1,0.3
"586",139.351751618602,9.5,1,0.3
"587",139.811629786467,9.75,1,0.3
"588",140.259858730677,10,1,0.3
"589",128.167456638434,5,1.2,0.3
"590",129.031791527486,5.25,1.2,0.3
"591",129.85584432513,5.5,1.2,0.3
"592",130.643205800077,5.75,1.2,0.3
"593",131.397006686812,6,1.2,0.3
"594",132.119993111912,6.25,1.2,0.3
"595",132.81458715915,6.5,1.2,0.3
"596",133.482935956384,6.75,1.2,0.3
"597",134.126951800991,7,1.2,0.3
"598",134.748345219105,7.25,1.2,0.3
"599",135.348652401949,7.5,1.2,0.3
"600",135.929258129733,7.75,1.2,0.3
"601",136.491415045784,8,1.2,0.3
"602",137.036259957004,8.25,1.2,0.3
"603",137.564827694957,8.5,1.2,0.3
"604",138.078062963088,8.75,1.2,0.3
"605",138.576830511399,9,1.2,0.3
"606",139.061923914261,9.25,1.2,0.3
"607",139.534073175396,9.5,1.2,0.3
"608",139.993951343261,9.75,1.2,0.3
"609",140.442180287471,10,1.2,0.3
"610",128.321607318262,5,1.4,0.3
"611",129.185942207313,5.25,1.4,0.3
"612",130.009995004957,5.5,1.4,0.3
"613",130.797356479904,5.75,1.4,0.3
"614",131.55115736664,6,1.4,0.3
"615",132.274143791739,6.25,1.4,0.3
"616",132.968737838977,6.5,1.4,0.3
"617",133.637086636212,6.75,1.4,0.3
"618",134.281102480818,7,1.4,0.3
"619",134.902495898932,7.25,1.4,0.3
"620",135.502803081776,7.5,1.4,0.3
"621",136.08340880956,7.75,1.4,0.3
"622",136.645565725611,8,1.4,0.3
"623",137.190410636831,8.25,1.4,0.3
"624",137.718978374785,8.5,1.4,0.3
"625",138.232213642915,8.75,1.4,0.3
"626",138.730981191227,9,1.4,0.3
"627",139.216074594088,9.25,1.4,0.3
"628",139.688223855223,9.5,1.4,0.3
"629",140.148102023088,9.75,1.4,0.3
"630",140.596330967298,10,1.4,0.3
"631",128.455138710886,5,1.6,0.3
"632",129.319473599938,5.25,1.6,0.3
"633",130.143526397582,5.5,1.6,0.3
"634",130.930887872529,5.75,1.6,0.3
"635",131.684688759264,6,1.6,0.3
"636",132.407675184364,6.25,1.6,0.3
"637",133.102269231602,6.5,1.6,0.3
"638",133.770618028836,6.75,1.6,0.3
"639",134.414633873442,7,1.6,0.3
"640",135.036027291557,7.25,1.6,0.3
"641",135.636334474401,7.5,1.6,0.3
"642",136.216940202185,7.75,1.6,0.3
"643",136.779097118235,8,1.6,0.3
"644",137.323942029456,8.25,1.6,0.3
"645",137.852509767409,8.5,1.6,0.3
"646",138.36574503554,8.75,1.6,0.3
"647",138.864512583851,9,1.6,0.3
"648",139.349605986713,9.25,1.6,0.3
"649",139.821755247848,9.5,1.6,0.3
"650",140.281633415713,9.75,1.6,0.3
"651",140.729862359922,10,1.6,0.3
"652",128.572921746543,5,1.8,0.3
"653",129.437256635594,5.25,1.8,0.3
"654",130.261309433238,5.5,1.8,0.3
"655",131.048670908185,5.75,1.8,0.3
"656",131.802471794921,6,1.8,0.3
"657",132.52545822002,6.25,1.8,0.3
"658",133.220052267258,6.5,1.8,0.3
"659",133.888401064493,6.75,1.8,0.3
"660",134.532416909099,7,1.8,0.3
"661",135.153810327213,7.25,1.8,0.3
"662",135.754117510057,7.5,1.8,0.3
"663",136.334723237841,7.75,1.8,0.3
"664",136.896880153892,8,1.8,0.3
"665",137.441725065112,8.25,1.8,0.3
"666",137.970292803065,8.5,1.8,0.3
"667",138.483528071196,8.75,1.8,0.3
"668",138.982295619508,9,1.8,0.3
"669",139.467389022369,9.25,1.8,0.3
"670",139.939538283504,9.5,1.8,0.3
"671",140.399416451369,9.75,1.8,0.3
"672",140.847645395579,10,1.8,0.3
"673",128.6782822622,5,2,0.3
"674",129.542617151252,5.25,2,0.3
"675",130.366669948896,5.5,2,0.3
"676",131.154031423843,5.75,2,0.3
"677",131.907832310578,6,2,0.3
"678",132.630818735678,6.25,2,0.3
"679",133.325412782916,6.5,2,0.3
"680",133.99376158015,6.75,2,0.3
"681",134.637777424757,7,2,0.3
"682",135.259170842871,7.25,2,0.3
"683",135.859478025715,7.5,2,0.3
"684",136.440083753499,7.75,2,0.3
"685",137.00224066955,8,2,0.3
"686",137.54708558077,8.25,2,0.3
"687",138.075653318723,8.5,2,0.3
"688",138.588888586854,8.75,2,0.3
"689",139.087656135165,9,2,0.3
"690",139.572749538027,9.25,2,0.3
"691",140.044898799162,9.5,2,0.3
"692",140.504776967027,9.75,2,0.3
"693",140.953005911236,10,2,0.3
"694",132.956824438692,5,0,0.4
"695",134.110063301895,5.25,0,0.4
"696",135.209485213153,5.5,0,0.4
"697",136.259896529494,5.75,0,0.4
"698",137.265486335244,6,0,0.4
"699",138.229927948396,6.25,0,0.4
"700",139.156460358089,6.5,0,0.4
"701",140.047954179627,6.75,0,0.4
"702",140.906965533957,7,0,0.4
"703",141.73578041382,7.25,0,0.4
"704",142.536451485518,7.5,0,0.4
"705",143.310828824348,7.75,0,0.4
"706",144.060585746392,8,0,0.4
"707",144.787240647191,8.25,0,0.4
"708",145.492175566354,8.5,0,0.4
"709",146.176652050378,8.75,0,0.4
"710",146.841824772488,9,0,0.4
"711",147.488753279846,9.25,0,0.4
"712",148.118412169005,9.5,0,0.4
"713",148.731699935528,9.75,0,0.4
"714",149.329446699907,10,0,0.4
"715",131.347386526258,5,0.2,0.4
"716",132.500625389461,5.25,0.2,0.4
"717",133.600047300719,5.5,0.2,0.4
"718",134.65045861706,5.75,0.2,0.4
"719",135.65604842281,6,0.2,0.4
"720",136.620490035962,6.25,0.2,0.4
"721",137.547022445655,6.5,0.2,0.4
"722",138.438516267193,6.75,0.2,0.4
"723",139.297527621523,7,0.2,0.4
"724",140.126342501386,7.25,0.2,0.4
"725",140.927013573084,7.5,0.2,0.4
"726",141.701390911914,7.75,0.2,0.4
"727",142.451147833958,8,0.2,0.4
"728",143.177802734757,8.25,0.2,0.4
"729",143.88273765392,8.5,0.2,0.4
"730",144.567214137944,8.75,0.2,0.4
"731",145.232386860054,9,0.2,0.4
"732",145.879315367411,9.25,0.2,0.4
"733",146.508974256571,9.5,0.2,0.4
"734",147.122262023094,9.75,0.2,0.4
"735",147.720008787473,10,0.2,0.4
"736",132.040533706818,5,0.4,0.4
"737",133.193772570021,5.25,0.4,0.4
"738",134.293194481279,5.5,0.4,0.4
"739",135.34360579762,5.75,0.4,0.4
"740",136.34919560337,6,0.4,0.4
"741",137.313637216522,6.25,0.4,0.4
"742",138.240169626215,6.5,0.4,0.4
"743",139.131663447753,6.75,0.4,0.4
"744",139.990674802083,7,0.4,0.4
"745",140.819489681946,7.25,0.4,0.4
"746",141.620160753644,7.5,0.4,0.4
"747",142.394538092474,7.75,0.4,0.4
"748",143.144295014518,8,0.4,0.4
"749",143.870949915317,8.25,0.4,0.4
"750",144.57588483448,8.5,0.4,0.4
"751",145.260361318504,8.75,0.4,0.4
"752",145.925534040614,9,0.4,0.4
"753",146.572462547971,9.25,0.4,0.4
"754",147.202121437131,9.5,0.4,0.4
"755",147.815409203654,9.75,0.4,0.4
"756",148.413155968033,10,0.4,0.4
"757",132.445998814926,5,0.6,0.4
"758",133.599237678129,5.25,0.6,0.4
"759",134.698659589387,5.5,0.6,0.4
"760",135.749070905728,5.75,0.6,0.4
"761",136.754660711478,6,0.6,0.4
"762",137.71910232463,6.25,0.6,0.4
"763",138.645634734323,6.5,0.6,0.4
"764",139.537128555861,6.75,0.6,0.4
"765",140.396139910191,7,0.6,0.4
"766",141.224954790054,7.25,0.6,0.4
"767",142.025625861752,7.5,0.6,0.4
"768",142.800003200582,7.75,0.6,0.4
"769",143.549760122626,8,0.6,0.4
"770",144.276415023425,8.25,0.6,0.4
"771",144.981349942588,8.5,0.6,0.4
"772",145.665826426612,8.75,0.6,0.4
"773",146.330999148722,9,0.6,0.4
"774",146.97792765608,9.25,0.6,0.4
"775",147.607586545239,9.5,0.6,0.4
"776",148.220874311762,9.75,0.6,0.4
"777",148.818621076141,10,0.6,0.4
"778",132.733680887378,5,0.8,0.4
"779",133.886919750581,5.25,0.8,0.4
"780",134.986341661839,5.5,0.8,0.4
"781",136.03675297818,5.75,0.8,0.4
"782",137.042342783929,6,0.8,0.4
"783",138.006784397082,6.25,0.8,0.4
"784",138.933316806775,6.5,0.8,0.4
"785",139.824810628312,6.75,0.8,0.4
"786",140.683821982643,7,0.8,0.4
"787",141.512636862506,7.25,0.8,0.4
"788",142.313307934204,7.5,0.8,0.4
"789",143.087685273034,7.75,0.8,0.4
"790",143.837442195078,8,0.8,0.4
"791",144.564097095877,8.25,0.8,0.4
"792",145.26903201504,8.5,0.8,0.4
"793",145.953508499064,8.75,0.8,0.4
"794",146.618681221173,9,0.8,0.4
"795",147.265609728531,9.25,0.8,0.4
"796",147.895268617691,9.5,0.8,0.4
"797",148.508556384214,9.75,0.8,0.4
"798",149.106303148593,10,0.8,0.4
"799",132.956824438692,5,1,0.4
"800",134.110063301895,5.25,1,0.4
"801",135.209485213153,5.5,1,0.4
"802",136.259896529494,5.75,1,0.4
"803",137.265486335244,6,1,0.4
"804",138.229927948396,6.25,1,0.4
"805",139.156460358089,6.5,1,0.4
"806",140.047954179627,6.75,1,0.4
"807",140.906965533957,7,1,0.4
"808",141.73578041382,7.25,1,0.4
"809",142.536451485518,7.5,1,0.4
"810",143.310828824348,7.75,1,0.4
"811",144.060585746392,8,1,0.4
"812",144.787240647191,8.25,1,0.4
"813",145.492175566354,8.5,1,0.4
"814",146.176652050378,8.75,1,0.4
"815",146.841824772488,9,1,0.4
"816",147.488753279846,9.25,1,0.4
"817",148.118412169005,9.5,1,0.4
"818",148.731699935528,9.75,1,0.4
"819",149.329446699907,10,1,0.4
"820",133.139145995486,5,1.2,0.4
"821",134.292384858689,5.25,1.2,0.4
"822",135.391806769947,5.5,1.2,0.4
"823",136.442218086288,5.75,1.2,0.4
"824",137.447807892038,6,1.2,0.4
"825",138.41224950519,6.25,1.2,0.4
"826",139.338781914883,6.5,1.2,0.4
"827",140.230275736421,6.75,1.2,0.4
"828",141.089287090751,7,1.2,0.4
"829",141.918101970614,7.25,1.2,0.4
"830",142.718773042312,7.5,1.2,0.4
"831",143.493150381142,7.75,1.2,0.4
"832",144.242907303186,8,1.2,0.4
"833",144.969562203985,8.25,1.2,0.4
"834",145.674497123148,8.5,1.2,0.4
"835",146.358973607172,8.75,1.2,0.4
"836",147.024146329282,9,1.2,0.4
"837",147.671074836639,9.25,1.2,0.4
"838",148.300733725799,9.5,1.2,0.4
"839",148.914021492322,9.75,1.2,0.4
"840",149.511768256701,10,1.2,0.4
"841",133.293296675314,5,1.4,0.4
"842",134.446535538516,5.25,1.4,0.4
"843",135.545957449774,5.5,1.4,0.4
"844",136.596368766115,5.75,1.4,0.4
"845",137.601958571865,6,1.4,0.4
"846",138.566400185017,6.25,1.4,0.4
"847",139.49293259471,6.5,1.4,0.4
"848",140.384426416248,6.75,1.4,0.4
"849",141.243437770578,7,1.4,0.4
"850",142.072252650441,7.25,1.4,0.4
"851",142.872923722139,7.5,1.4,0.4
"852",143.647301060969,7.75,1.4,0.4
"853",144.397057983013,8,1.4,0.4
"854",145.123712883812,8.25,1.4,0.4
"855",145.828647802976,8.5,1.4,0.4
"856",146.513124286999,8.75,1.4,0.4
"857",147.178297009109,9,1.4,0.4
"858",147.825225516467,9.25,1.4,0.4
"859",148.454884405627,9.5,1.4,0.4
"860",149.06817217215,9.75,1.4,0.4
"861",149.665918936528,10,1.4,0.4
"862",133.426828067938,5,1.6,0.4
"863",134.580066931141,5.25,1.6,0.4
"864",135.679488842399,5.5,1.6,0.4
"865",136.72990015874,5.75,1.6,0.4
"866",137.735489964489,6,1.6,0.4
"867",138.699931577641,6.25,1.6,0.4
"868",139.626463987335,6.5,1.6,0.4
"869",140.517957808872,6.75,1.6,0.4
"870",141.376969163202,7,1.6,0.4
"871",142.205784043066,7.25,1.6,0.4
"872",143.006455114764,7.5,1.6,0.4
"873",143.780832453594,7.75,1.6,0.4
"874",144.530589375637,8,1.6,0.4
"875",145.257244276437,8.25,1.6,0.4
"876",145.9621791956,8.5,1.6,0.4
"877",146.646655679624,8.75,1.6,0.4
"878",147.311828401733,9,1.6,0.4
"879",147.958756909091,9.25,1.6,0.4
"880",148.588415798251,9.5,1.6,0.4
"881",149.201703564774,9.75,1.6,0.4
"882",149.799450329153,10,1.6,0.4
"883",133.544611103594,5,1.8,0.4
"884",134.697849966797,5.25,1.8,0.4
"885",135.797271878055,5.5,1.8,0.4
"886",136.847683194396,5.75,1.8,0.4
"887",137.853273000146,6,1.8,0.4
"888",138.817714613298,6.25,1.8,0.4
"889",139.744247022991,6.5,1.8,0.4
"890",140.635740844529,6.75,1.8,0.4
"891",141.494752198859,7,1.8,0.4
"892",142.323567078722,7.25,1.8,0.4
"893",143.12423815042,7.5,1.8,0.4
"894",143.89861548925,7.75,1.8,0.4
"895",144.648372411294,8,1.8,0.4
"896",145.375027312093,8.25,1.8,0.4
"897",146.079962231257,8.5,1.8,0.4
"898",146.76443871528,8.75,1.8,0.4
"899",147.42961143739,9,1.8,0.4
"900",148.076539944748,9.25,1.8,0.4
"901",148.706198833907,9.5,1.8,0.4
"902",149.31948660043,9.75,1.8,0.4
"903",149.917233364809,10,1.8,0.4
"904",133.649971619252,5,2,0.4
"905",134.803210482455,5.25,2,0.4
"906",135.902632393713,5.5,2,0.4
"907",136.953043710054,5.75,2,0.4
"908",137.958633515804,6,2,0.4
"909",138.923075128956,6.25,2,0.4
"910",139.849607538649,6.5,2,0.4
"911",140.741101360187,6.75,2,0.4
"912",141.600112714517,7,2,0.4
"913",142.42892759438,7.25,2,0.4
"914",143.229598666078,7.5,2,0.4
"915",144.003976004908,7.75,2,0.4
"916",144.753732926952,8,2,0.4
"917",145.480387827751,8.25,2,0.4
"918",146.185322746914,8.5,2,0.4
"919",146.869799230938,8.75,2,0.4
"920",147.534971953048,9,2,0.4
"921",148.181900460405,9.25,2,0.4
"922",148.811559349565,9.5,2,0.4
"923",149.424847116088,9.75,2,0.4
"924",150.022593880467,10,2,0.4
"925",136.430399208122,5,0,0.5
"926",137.873249578613,5.25,0,0.5
"927",139.248649741393,5.5,0,0.5
"928",140.562644810025,5.75,0,0.5
"929",141.820483599528,6,0,0.5
"930",143.026784728141,6.25,0,0.5
"931",144.18561279016,6.5,0,0.5
"932",145.300568947316,6.75,0,0.5
"933",146.374858921436,7,0,0.5
"934",147.411348937913,7.25,0,0.5
"935",148.41261209883,7.5,0,0.5
"936",149.380967088407,7.75,0,0.5
"937",150.318510685605,8,0,0.5
"938",151.22714523758,8.25,0,0.5
"939",152.10860200418,8.5,0,0.5
"940",152.964461097221,8.75,0,0.5
"941",153.79616859435,9,0,0.5
"942",154.605051295143,9.25,0,0.5
"943",155.392329499156,9.5,0,0.5
"944",156.15912811607,9.75,0,0.5
"945",156.906486362765,10,0,0.5
"946",134.820961295687,5,0.2,0.5
"947",136.263811666179,5.25,0.2,0.5
"948",137.639211828959,5.5,0.2,0.5
"949",138.953206897591,5.75,0.2,0.5
"950",140.211045687094,6,0.2,0.5
"951",141.417346815707,6.25,0.2,0.5
"952",142.576174877726,6.5,0.2,0.5
"953",143.691131034882,6.75,0.2,0.5
"954",144.765421009002,7,0.2,0.5
"955",145.801911025479,7.25,0.2,0.5
"956",146.803174186396,7.5,0.2,0.5
"957",147.771529175973,7.75,0.2,0.5
"958",148.709072773171,8,0.2,0.5
"959",149.617707325146,8.25,0.2,0.5
"960",150.499164091746,8.5,0.2,0.5
"961",151.355023184787,8.75,0.2,0.5
"962",152.186730681916,9,0.2,0.5
"963",152.995613382709,9.25,0.2,0.5
"964",153.782891586722,9.5,0.2,0.5
"965",154.549690203636,9.75,0.2,0.5
"966",155.297048450331,10,0.2,0.5
"967",135.514108476247,5,0.4,0.5
"968",136.956958846739,5.25,0.4,0.5
"969",138.332359009519,5.5,0.4,0.5
"970",139.646354078151,5.75,0.4,0.5
"971",140.904192867654,6,0.4,0.5
"972",142.110493996267,6.25,0.4,0.5
"973",143.269322058286,6.5,0.4,0.5
"974",144.384278215442,6.75,0.4,0.5
"975",145.458568189562,7,0.4,0.5
"976",146.495058206039,7.25,0.4,0.5
"977",147.496321366956,7.5,0.4,0.5
"978",148.464676356533,7.75,0.4,0.5
"979",149.40221995373,8,0.4,0.5
"980",150.310854505706,8.25,0.4,0.5
"981",151.192311272306,8.5,0.4,0.5
"982",152.048170365347,8.75,0.4,0.5
"983",152.879877862476,9,0.4,0.5
"984",153.688760563269,9.25,0.4,0.5
"985",154.476038767282,9.5,0.4,0.5
"986",155.242837384196,9.75,0.4,0.5
"987",155.990195630891,10,0.4,0.5
"988",135.919573584356,5,0.6,0.5
"989",137.362423954847,5.25,0.6,0.5
"990",138.737824117627,5.5,0.6,0.5
"991",140.051819186259,5.75,0.6,0.5
"992",141.309657975762,6,0.6,0.5
"993",142.515959104375,6.25,0.6,0.5
"994",143.674787166394,6.5,0.6,0.5
"995",144.78974332355,6.75,0.6,0.5
"996",145.86403329767,7,0.6,0.5
"997",146.900523314147,7.25,0.6,0.5
"998",147.901786475064,7.5,0.6,0.5
"999",148.870141464641,7.75,0.6,0.5
"1000",149.807685061839,8,0.6,0.5
"1001",150.716319613814,8.25,0.6,0.5
"1002",151.597776380414,8.5,0.6,0.5
"1003",152.453635473455,8.75,0.6,0.5
"1004",153.285342970584,9,0.6,0.5
"1005",154.094225671377,9.25,0.6,0.5
"1006",154.88150387539,9.5,0.6,0.5
"1007",155.648302492305,9.75,0.6,0.5
"1008",156.395660738999,10,0.6,0.5
"1009",136.207255656807,5,0.8,0.5
"1010",137.650106027299,5.25,0.8,0.5
"1011",139.025506190079,5.5,0.8,0.5
"1012",140.339501258711,5.75,0.8,0.5
"1013",141.597340048214,6,0.8,0.5
"1014",142.803641176826,6.25,0.8,0.5
"1015",143.962469238846,6.5,0.8,0.5
"1016",145.077425396002,6.75,0.8,0.5
"1017",146.151715370122,7,0.8,0.5
"1018",147.188205386599,7.25,0.8,0.5
"1019",148.189468547516,7.5,0.8,0.5
"1020",149.157823537093,7.75,0.8,0.5
"1021",150.09536713429,8,0.8,0.5
"1022",151.004001686266,8.25,0.8,0.5
"1023",151.885458452866,8.5,0.8,0.5
"1024",152.741317545907,8.75,0.8,0.5
"1025",153.573025043036,9,0.8,0.5
"1026",154.381907743829,9.25,0.8,0.5
"1027",155.169185947842,9.5,0.8,0.5
"1028",155.935984564756,9.75,0.8,0.5
"1029",156.683342811451,10,0.8,0.5
"1030",136.430399208122,5,1,0.5
"1031",137.873249578613,5.25,1,0.5
"1032",139.248649741393,5.5,1,0.5
"1033",140.562644810025,5.75,1,0.5
"1034",141.820483599528,6,1,0.5
"1035",143.026784728141,6.25,1,0.5
"1036",144.18561279016,6.5,1,0.5
"1037",145.300568947316,6.75,1,0.5
"1038",146.374858921436,7,1,0.5
"1039",147.411348937913,7.25,1,0.5
"1040",148.41261209883,7.5,1,0.5
"1041",149.380967088407,7.75,1,0.5
"1042",150.318510685605,8,1,0.5
"1043",151.22714523758,8.25,1,0.5
"1044",152.10860200418,8.5,1,0.5
"1045",152.964461097221,8.75,1,0.5
"1046",153.79616859435,9,1,0.5
"1047",154.605051295143,9.25,1,0.5
"1048",155.392329499156,9.5,1,0.5
"1049",156.15912811607,9.75,1,0.5
"1050",156.906486362765,10,1,0.5
"1051",136.612720764915,5,1.2,0.5
"1052",138.055571135407,5.25,1.2,0.5
"1053",139.430971298187,5.5,1.2,0.5
"1054",140.744966366819,5.75,1.2,0.5
"1055",142.002805156322,6,1.2,0.5
"1056",143.209106284935,6.25,1.2,0.5
"1057",144.367934346954,6.5,1.2,0.5
"1058",145.48289050411,6.75,1.2,0.5
"1059",146.55718047823,7,1.2,0.5
"1060",147.593670494707,7.25,1.2,0.5
"1061",148.594933655624,7.5,1.2,0.5
"1062",149.563288645201,7.75,1.2,0.5
"1063",150.500832242399,8,1.2,0.5
"1064",151.409466794374,8.25,1.2,0.5
"1065",152.290923560974,8.5,1.2,0.5
"1066",153.146782654015,8.75,1.2,0.5
"1067",153.978490151144,9,1.2,0.5
"1068",154.787372851937,9.25,1.2,0.5
"1069",155.57465105595,9.5,1.2,0.5
"1070",156.341449672864,9.75,1.2,0.5
"1071",157.088807919559,10,1.2,0.5
"1072",136.766871444743,5,1.4,0.5
"1073",138.209721815234,5.25,1.4,0.5
"1074",139.585121978014,5.5,1.4,0.5
"1075",140.899117046646,5.75,1.4,0.5
"1076",142.156955836149,6,1.4,0.5
"1077",143.363256964762,6.25,1.4,0.5
"1078",144.522085026781,6.5,1.4,0.5
"1079",145.637041183937,6.75,1.4,0.5
"1080",146.711331158057,7,1.4,0.5
"1081",147.747821174534,7.25,1.4,0.5
"1082",148.749084335451,7.5,1.4,0.5
"1083",149.717439325028,7.75,1.4,0.5
"1084",150.654982922226,8,1.4,0.5
"1085",151.563617474201,8.25,1.4,0.5
"1086",152.445074240801,8.5,1.4,0.5
"1087",153.300933333842,8.75,1.4,0.5
"1088",154.132640830971,9,1.4,0.5
"1089",154.941523531765,9.25,1.4,0.5
"1090",155.728801735777,9.5,1.4,0.5
"1091",156.495600352692,9.75,1.4,0.5
"1092",157.242958599386,10,1.4,0.5
"1093",136.900402837367,5,1.6,0.5
"1094",138.343253207859,5.25,1.6,0.5
"1095",139.718653370639,5.5,1.6,0.5
"1096",141.032648439271,5.75,1.6,0.5
"1097",142.290487228774,6,1.6,0.5
"1098",143.496788357386,6.25,1.6,0.5
"1099",144.655616419406,6.5,1.6,0.5
"1100",145.770572576561,6.75,1.6,0.5
"1101",146.844862550682,7,1.6,0.5
"1102",147.881352567159,7.25,1.6,0.5
"1103",148.882615728076,7.5,1.6,0.5
"1104",149.850970717653,7.75,1.6,0.5
"1105",150.78851431485,8,1.6,0.5
"1106",151.697148866826,8.25,1.6,0.5
"1107",152.578605633425,8.5,1.6,0.5
"1108",153.434464726467,8.75,1.6,0.5
"1109",154.266172223596,9,1.6,0.5
"1110",155.075054924389,9.25,1.6,0.5
"1111",155.862333128402,9.5,1.6,0.5
"1112",156.629131745316,9.75,1.6,0.5
"1113",157.376489992011,10,1.6,0.5
"1114",137.018185873024,5,1.8,0.5
"1115",138.461036243515,5.25,1.8,0.5
"1116",139.836436406295,5.5,1.8,0.5
"1117",141.150431474927,5.75,1.8,0.5
"1118",142.40827026443,6,1.8,0.5
"1119",143.614571393043,6.25,1.8,0.5
"1120",144.773399455062,6.5,1.8,0.5
"1121",145.888355612218,6.75,1.8,0.5
"1122",146.962645586338,7,1.8,0.5
"1123",147.999135602815,7.25,1.8,0.5
"1124",149.000398763732,7.5,1.8,0.5
"1125",149.968753753309,7.75,1.8,0.5
"1126",150.906297350507,8,1.8,0.5
"1127",151.814931902482,8.25,1.8,0.5
"1128",152.696388669082,8.5,1.8,0.5
"1129",153.552247762123,8.75,1.8,0.5
"1130",154.383955259252,9,1.8,0.5
"1131",155.192837960045,9.25,1.8,0.5
"1132",155.980116164058,9.5,1.8,0.5
"1133",156.746914780973,9.75,1.8,0.5
"1134",157.494273027667,10,1.8,0.5
"1135",137.123546388681,5,2,0.5
"1136",138.566396759173,5.25,2,0.5
"1137",139.941796921953,5.5,2,0.5
"1138",141.255791990585,5.75,2,0.5
"1139",142.513630780088,6,2,0.5
"1140",143.719931908701,6.25,2,0.5
"1141",144.87875997072,6.5,2,0.5
"1142",145.993716127876,6.75,2,0.5
"1143",147.068006101996,7,2,0.5
"1144",148.104496118473,7.25,2,0.5
"1145",149.10575927939,7.5,2,0.5
"1146",150.074114268967,7.75,2,0.5
"1147",151.011657866165,8,2,0.5
"1148",151.92029241814,8.25,2,0.5
"1149",152.80174918474,8.5,2,0.5
"1150",153.657608277781,8.75,2,0.5
"1151",154.48931577491,9,2,0.5
"1152",155.298198475703,9.25,2,0.5
"1153",156.085476679716,9.5,2,0.5
"1154",156.85227529663,9.75,2,0.5
"1155",157.599633543325,10,2,0.5
"1156",138.706606745133,5,0,0.6
"1157",140.4399855123,5.25,0,0.6
"1158",142.092150855453,5.5,0,0.6
"1159",143.670399192183,5.75,0,0.6
"1160",145.181082393566,6,0,0.6
"1161",146.629764671034,6.25,0,0.6
"1162",148.021348066308,6.5,0,0.6
"1163",149.360173823198,6.75,0,0.6
"1164",150.650111158738,7,0,0.6
"1165",151.894599439298,7.25,0,0.6
"1166",153.096745017589,7.5,0,0.6
"1167",154.259339505256,7.75,0,0.6
"1168",155.38490677125,8,0,0.6
"1169",156.47573617928,8.25,0,0.6
"1170",157.533910813998,8.5,0,0.6
"1171",158.561331577601,8.75,0,0.6
"1172",159.559737862416,9,0,0.6
"1173",160.530725368054,9.25,0,0.6
"1174",161.475761524368,9.5,0,0.6
"1175",162.396198896684,9.75,0,0.6
"1176",163.293286882382,10,0,0.6
"1177",137.097168832699,5,0.2,0.6
"1178",138.830547599866,5.25,0.2,0.6
"1179",140.482712943019,5.5,0.2,0.6
"1180",142.060961279749,5.75,0.2,0.6
"1181",143.571644481132,6,0.2,0.6
"1182",145.0203267586,6.25,0.2,0.6
"1183",146.411910153874,6.5,0.2,0.6
"1184",147.750735910764,6.75,0.2,0.6
"1185",149.040673246304,7,0.2,0.6
"1186",150.285161526864,7.25,0.2,0.6
"1187",151.487307105155,7.5,0.2,0.6
"1188",152.649901592822,7.75,0.2,0.6
"1189",153.775468858816,8,0.2,0.6
"1190",154.866298266846,8.25,0.2,0.6
"1191",155.924472901564,8.5,0.2,0.6
"1192",156.951893665167,8.75,0.2,0.6
"1193",157.950299949982,9,0.2,0.6
"1194",158.92128745562,9.25,0.2,0.6
"1195",159.866323611934,9.5,0.2,0.6
"1196",160.78676098425,9.75,0.2,0.6
"1197",161.683848969948,10,0.2,0.6
"1198",137.790316013259,5,0.4,0.6
"1199",139.523694780426,5.25,0.4,0.6
"1200",141.175860123579,5.5,0.4,0.6
"1201",142.754108460309,5.75,0.4,0.6
"1202",144.264791661692,6,0.4,0.6
"1203",145.71347393916,6.25,0.4,0.6
"1204",147.105057334434,6.5,0.4,0.6
"1205",148.443883091324,6.75,0.4,0.6
"1206",149.733820426864,7,0.4,0.6
"1207",150.978308707424,7.25,0.4,0.6
"1208",152.180454285715,7.5,0.4,0.6
"1209",153.343048773382,7.75,0.4,0.6
"1210",154.468616039376,8,0.4,0.6
"1211",155.559445447406,8.25,0.4,0.6
"1212",156.617620082124,8.5,0.4,0.6
"1213",157.645040845727,8.75,0.4,0.6
"1214",158.643447130542,9,0.4,0.6
"1215",159.61443463618,9.25,0.4,0.6
"1216",160.559470792494,9.5,0.4,0.6
"1217",161.47990816481,9.75,0.4,0.6
"1218",162.376996150508,10,0.4,0.6
"1219",138.195781121367,5,0.6,0.6
"1220",139.929159888534,5.25,0.6,0.6
"1221",141.581325231687,5.5,0.6,0.6
"1222",143.159573568417,5.75,0.6,0.6
"1223",144.6702567698,6,0.6,0.6
"1224",146.118939047268,6.25,0.6,0.6
"1225",147.510522442542,6.5,0.6,0.6
"1226",148.849348199432,6.75,0.6,0.6
"1227",150.139285534972,7,0.6,0.6
"1228",151.383773815532,7.25,0.6,0.6
"1229",152.585919393823,7.5,0.6,0.6
"1230",153.74851388149,7.75,0.6,0.6
"1231",154.874081147484,8,0.6,0.6
"1232",155.964910555514,8.25,0.6,0.6
"1233",157.023085190232,8.5,0.6,0.6
"1234",158.050505953835,8.75,0.6,0.6
"1235",159.04891223865,9,0.6,0.6
"1236",160.019899744288,9.25,0.6,0.6
"1237",160.964935900602,9.5,0.6,0.6
"1238",161.885373272918,9.75,0.6,0.6
"1239",162.782461258616,10,0.6,0.6
"1240",138.483463193819,5,0.8,0.6
"1241",140.216841960986,5.25,0.8,0.6
"1242",141.869007304139,5.5,0.8,0.6
"1243",143.447255640869,5.75,0.8,0.6
"1244",144.957938842252,6,0.8,0.6
"1245",146.40662111972,6.25,0.8,0.6
"1246",147.798204514994,6.5,0.8,0.6
"1247",149.137030271884,6.75,0.8,0.6
"1248",150.426967607424,7,0.8,0.6
"1249",151.671455887984,7.25,0.8,0.6
"1250",152.873601466275,7.5,0.8,0.6
"1251",154.036195953942,7.75,0.8,0.6
"1252",155.161763219935,8,0.8,0.6
"1253",156.252592627966,8.25,0.8,0.6
"1254",157.310767262684,8.5,0.8,0.6
"1255",158.338188026287,8.75,0.8,0.6
"1256",159.336594311102,9,0.8,0.6
"1257",160.30758181674,9.25,0.8,0.6
"1258",161.252617973054,9.5,0.8,0.6
"1259",162.17305534537,9.75,0.8,0.6
"1260",163.070143331068,10,0.8,0.6
"1261",138.706606745133,5,1,0.6
"1262",140.4399855123,5.25,1,0.6
"1263",142.092150855453,5.5,1,0.6
"1264",143.670399192183,5.75,1,0.6
"1265",145.181082393566,6,1,0.6
"1266",146.629764671034,6.25,1,0.6
"1267",148.021348066308,6.5,1,0.6
"1268",149.360173823198,6.75,1,0.6
"1269",150.650111158738,7,1,0.6
"1270",151.894599439298,7.25,1,0.6
"1271",153.096745017589,7.5,1,0.6
"1272",154.259339505256,7.75,1,0.6
"1273",155.38490677125,8,1,0.6
"1274",156.47573617928,8.25,1,0.6
"1275",157.533910813998,8.5,1,0.6
"1276",158.561331577601,8.75,1,0.6
"1277",159.559737862416,9,1,0.6
"1278",160.530725368054,9.25,1,0.6
"1279",161.475761524368,9.5,1,0.6
"1280",162.396198896684,9.75,1,0.6
"1281",163.293286882382,10,1,0.6
"1282",138.888928301927,5,1.2,0.6
"1283",140.622307069094,5.25,1.2,0.6
"1284",142.274472412247,5.5,1.2,0.6
"1285",143.852720748977,5.75,1.2,0.6
"1286",145.36340395036,6,1.2,0.6
"1287",146.812086227828,6.25,1.2,0.6
"1288",148.203669623102,6.5,1.2,0.6
"1289",149.542495379992,6.75,1.2,0.6
"1290",150.832432715532,7,1.2,0.6
"1291",152.076920996092,7.25,1.2,0.6
"1292",153.279066574383,7.5,1.2,0.6
"1293",154.44166106205,7.75,1.2,0.6
"1294",155.567228328044,8,1.2,0.6
"1295",156.658057736074,8.25,1.2,0.6
"1296",157.716232370792,8.5,1.2,0.6
"1297",158.743653134395,8.75,1.2,0.6
"1298",159.74205941921,9,1.2,0.6
"1299",160.713046924848,9.25,1.2,0.6
"1300",161.658083081162,9.5,1.2,0.6
"1301",162.578520453478,9.75,1.2,0.6
"1302",163.475608439176,10,1.2,0.6
"1303",139.043078981754,5,1.4,0.6
"1304",140.776457748921,5.25,1.4,0.6
"1305",142.428623092075,5.5,1.4,0.6
"1306",144.006871428804,5.75,1.4,0.6
"1307",145.517554630187,6,1.4,0.6
"1308",146.966236907655,6.25,1.4,0.6
"1309",148.357820302929,6.5,1.4,0.6
"1310",149.696646059819,6.75,1.4,0.6
"1311",150.986583395359,7,1.4,0.6
"1312",152.231071675919,7.25,1.4,0.6
"1313",153.43321725421,7.5,1.4,0.6
"1314",154.595811741877,7.75,1.4,0.6
"1315",155.721379007871,8,1.4,0.6
"1316",156.812208415901,8.25,1.4,0.6
"1317",157.87038305062,8.5,1.4,0.6
"1318",158.897803814223,8.75,1.4,0.6
"1319",159.896210099037,9,1.4,0.6
"1320",160.867197604675,9.25,1.4,0.6
"1321",161.812233760989,9.5,1.4,0.6
"1322",162.732671133305,9.75,1.4,0.6
"1323",163.629759119003,10,1.4,0.6
"1324",139.176610374379,5,1.6,0.6
"1325",140.909989141546,5.25,1.6,0.6
"1326",142.562154484699,5.5,1.6,0.6
"1327",144.140402821428,5.75,1.6,0.6
"1328",145.651086022812,6,1.6,0.6
"1329",147.09976830028,6.25,1.6,0.6
"1330",148.491351695554,6.5,1.6,0.6
"1331",149.830177452444,6.75,1.6,0.6
"1332",151.120114787983,7,1.6,0.6
"1333",152.364603068544,7.25,1.6,0.6
"1334",153.566748646835,7.5,1.6,0.6
"1335",154.729343134502,7.75,1.6,0.6
"1336",155.854910400495,8,1.6,0.6
"1337",156.945739808526,8.25,1.6,0.6
"1338",158.003914443244,8.5,1.6,0.6
"1339",159.031335206847,8.75,1.6,0.6
"1340",160.029741491662,9,1.6,0.6
"1341",161.000728997299,9.25,1.6,0.6
"1342",161.945765153614,9.5,1.6,0.6
"1343",162.866202525929,9.75,1.6,0.6
"1344",163.763290511628,10,1.6,0.6
"1345",139.294393410035,5,1.8,0.6
"1346",141.027772177202,5.25,1.8,0.6
"1347",142.679937520355,5.5,1.8,0.6
"1348",144.258185857085,5.75,1.8,0.6
"1349",145.768869058468,6,1.8,0.6
"1350",147.217551335936,6.25,1.8,0.6
"1351",148.60913473121,6.5,1.8,0.6
"1352",149.9479604881,6.75,1.8,0.6
"1353",151.23789782364,7,1.8,0.6
"1354",152.4823861042,7.25,1.8,0.6
"1355",153.684531682491,7.5,1.8,0.6
"1356",154.847126170158,7.75,1.8,0.6
"1357",155.972693436152,8,1.8,0.6
"1358",157.063522844182,8.25,1.8,0.6
"1359",158.1216974789,8.5,1.8,0.6
"1360",159.149118242504,8.75,1.8,0.6
"1361",160.147524527318,9,1.8,0.6
"1362",161.118512032956,9.25,1.8,0.6
"1363",162.06354818927,9.5,1.8,0.6
"1364",162.983985561586,9.75,1.8,0.6
"1365",163.881073547284,10,1.8,0.6
"1366",139.399753925693,5,2,0.6
"1367",141.13313269286,5.25,2,0.6
"1368",142.785298036013,5.5,2,0.6
"1369",144.363546372743,5.75,2,0.6
"1370",145.874229574126,6,2,0.6
"1371",147.322911851594,6.25,2,0.6
"1372",148.714495246868,6.5,2,0.6
"1373",150.053321003758,6.75,2,0.6
"1374",151.343258339298,7,2,0.6
"1375",152.587746619858,7.25,2,0.6
"1376",153.789892198149,7.5,2,0.6
"1377",154.952486685816,7.75,2,0.6
"1378",156.07805395181,8,2,0.6
"1379",157.16888335984,8.25,2,0.6
"1380",158.227057994558,8.5,2,0.6
"1381",159.254478758161,8.75,2,0.6
"1382",160.252885042976,9,2,0.6
"1383",161.223872548614,9.25,2,0.6
"1384",162.168908704928,9.5,2,0.6
"1385",163.089346077244,9.75,2,0.6
"1386",163.986434062942,10,2,0.6
"1387",139.983339266001,5,0,0.7
"1388",142.008400830742,5.25,0,0.7
"1389",143.938317737924,5.5,0,0.7
"1390",145.781674837384,5.75,0,0.7
"1391",147.545939035715,6,0,0.7
"1392",149.237646414457,6.25,0,0.7
"1393",150.862551542985,6.5,0,0.7
"1394",152.425747851324,6.75,0,0.7
"1395",153.931765579011,7,0,0.7
"1396",155.384652156851,7.25,0,0.7
"1397",156.788038687846,7.5,0,0.7
"1398",158.145195326864,7.75,0,0.7
"1399",159.459085828742,8,0,0.7
"1400",160.732372926242,8.25,0,0.7
"1401",161.96750459615,8.5,0,0.7
"1402",163.166705307037,8.75,0,0.7
"1403",164.332010144409,9,0,0.7
"1404",165.465285755594,9.25,0,0.7
"1405",166.568248471554,9.5,0,0.7
"1406",167.642480051119,9.75,0,0.7
"1407",168.689441413055,10,0,0.7
"1408",138.373901353567,5,0.2,0.7
"1409",140.398962918308,5.25,0.2,0.7
"1410",142.32887982549,5.5,0.2,0.7
"1411",144.17223692495,5.75,0.2,0.7
"1412",145.93650112328,6,0.2,0.7
"1413",147.628208502023,6.25,0.2,0.7
"1414",149.253113630551,6.5,0.2,0.7
"1415",150.81630993889,6.75,0.2,0.7
"1416",152.322327666576,7,0.2,0.7
"1417",153.775214244417,7.25,0.2,0.7
"1418",155.178600775412,7.5,0.2,0.7
"1419",156.53575741443,7.75,0.2,0.7
"1420",157.849647916308,8,0.2,0.7
"1421",159.122935013808,8.25,0.2,0.7
"1422",160.358066683716,8.5,0.2,0.7
"1423",161.557267394603,8.75,0.2,0.7
"1424",162.722572231975,9,0.2,0.7
"1425",163.85584784316,9.25,0.2,0.7
"1426",164.95881055912,9.5,0.2,0.7
"1427",166.033042138685,9.75,0.2,0.7
"1428",167.080003500621,10,0.2,0.7
"1429",139.067048534127,5,0.4,0.7
"1430",141.092110098868,5.25,0.4,0.7
"1431",143.02202700605,5.5,0.4,0.7
"1432",144.86538410551,5.75,0.4,0.7
"1433",146.62964830384,6,0.4,0.7
"1434",148.321355682583,6.25,0.4,0.7
"1435",149.946260811111,6.5,0.4,0.7
"1436",151.50945711945,6.75,0.4,0.7
"1437",153.015474847136,7,0.4,0.7
"1438",154.468361424977,7.25,0.4,0.7
"1439",155.871747955972,7.5,0.4,0.7
"1440",157.22890459499,7.75,0.4,0.7
"1441",158.542795096868,8,0.4,0.7
"1442",159.816082194368,8.25,0.4,0.7
"1443",161.051213864276,8.5,0.4,0.7
"1444",162.250414575163,8.75,0.4,0.7
"1445",163.415719412535,9,0.4,0.7
"1446",164.54899502372,9.25,0.4,0.7
"1447",165.65195773968,9.5,0.4,0.7
"1448",166.726189319245,9.75,0.4,0.7
"1449",167.773150681181,10,0.4,0.7
"1450",139.472513642235,5,0.6,0.7
"1451",141.497575206976,5.25,0.6,0.7
"1452",143.427492114158,5.5,0.6,0.7
"1453",145.270849213618,5.75,0.6,0.7
"1454",147.035113411949,6,0.6,0.7
"1455",148.726820790691,6.25,0.6,0.7
"1456",150.351725919219,6.5,0.6,0.7
"1457",151.914922227558,6.75,0.6,0.7
"1458",153.420939955245,7,0.6,0.7
"1459",154.873826533085,7.25,0.6,0.7
"1460",156.27721306408,7.5,0.6,0.7
"1461",157.634369703098,7.75,0.6,0.7
"1462",158.948260204976,8,0.6,0.7
"1463",160.221547302476,8.25,0.6,0.7
"1464",161.456678972384,8.5,0.6,0.7
"1465",162.655879683271,8.75,0.6,0.7
"1466",163.821184520643,9,0.6,0.7
"1467",164.954460131828,9.25,0.6,0.7
"1468",166.057422847788,9.5,0.6,0.7
"1469",167.131654427353,9.75,0.6,0.7
"1470",168.178615789289,10,0.6,0.7
"1471",139.760195714687,5,0.8,0.7
"1472",141.785257279428,5.25,0.8,0.7
"1473",143.71517418661,5.5,0.8,0.7
"1474",145.55853128607,5.75,0.8,0.7
"1475",147.3227954844,6,0.8,0.7
"1476",149.014502863142,6.25,0.8,0.7
"1477",150.639407991671,6.5,0.8,0.7
"1478",152.20260430001,6.75,0.8,0.7
"1479",153.708622027696,7,0.8,0.7
"1480",155.161508605537,7.25,0.8,0.7
"1481",156.564895136532,7.5,0.8,0.7
"1482",157.92205177555,7.75,0.8,0.7
"1483",159.235942277428,8,0.8,0.7
"1484",160.509229374928,8.25,0.8,0.7
"1485",161.744361044836,8.5,0.8,0.7
"1486",162.943561755723,8.75,0.8,0.7
"1487",164.108866593095,9,0.8,0.7
"1488",165.242142204279,9.25,0.8,0.7
"1489",166.34510492024,9.5,0.8,0.7
"1490",167.419336499805,9.75,0.8,0.7
"1491",168.466297861741,10,0.8,0.7
"1492",139.983339266001,5,1,0.7
"1493",142.008400830742,5.25,1,0.7
"1494",143.938317737924,5.5,1,0.7
"1495",145.781674837384,5.75,1,0.7
"1496",147.545939035715,6,1,0.7
"1497",149.237646414457,6.25,1,0.7
"1498",150.862551542985,6.5,1,0.7
"1499",152.425747851324,6.75,1,0.7
"1500",153.931765579011,7,1,0.7
"1501",155.384652156851,7.25,1,0.7
"1502",156.788038687846,7.5,1,0.7
"1503",158.145195326864,7.75,1,0.7
"1504",159.459085828742,8,1,0.7
"1505",160.732372926242,8.25,1,0.7
"1506",161.96750459615,8.5,1,0.7
"1507",163.166705307037,8.75,1,0.7
"1508",164.332010144409,9,1,0.7
"1509",165.465285755594,9.25,1,0.7
"1510",166.568248471554,9.5,1,0.7
"1511",167.642480051119,9.75,1,0.7
"1512",168.689441413055,10,1,0.7
"1513",140.165660822795,5,1.2,0.7
"1514",142.190722387536,5.25,1.2,0.7
"1515",144.120639294718,5.5,1.2,0.7
"1516",145.963996394178,5.75,1.2,0.7
"1517",147.728260592509,6,1.2,0.7
"1518",149.419967971251,6.25,1.2,0.7
"1519",151.044873099779,6.5,1.2,0.7
"1520",152.608069408118,6.75,1.2,0.7
"1521",154.114087135805,7,1.2,0.7
"1522",155.566973713645,7.25,1.2,0.7
"1523",156.97036024464,7.5,1.2,0.7
"1524",158.327516883658,7.75,1.2,0.7
"1525",159.641407385536,8,1.2,0.7
"1526",160.914694483036,8.25,1.2,0.7
"1527",162.149826152944,8.5,1.2,0.7
"1528",163.349026863831,8.75,1.2,0.7
"1529",164.514331701203,9,1.2,0.7
"1530",165.647607312388,9.25,1.2,0.7
"1531",166.750570028348,9.5,1.2,0.7
"1532",167.824801607913,9.75,1.2,0.7
"1533",168.871762969849,10,1.2,0.7
"1534",140.319811502622,5,1.4,0.7
"1535",142.344873067363,5.25,1.4,0.7
"1536",144.274789974545,5.5,1.4,0.7
"1537",146.118147074006,5.75,1.4,0.7
"1538",147.882411272336,6,1.4,0.7
"1539",149.574118651078,6.25,1.4,0.7
"1540",151.199023779606,6.5,1.4,0.7
"1541",152.762220087946,6.75,1.4,0.7
"1542",154.268237815632,7,1.4,0.7
"1543",155.721124393472,7.25,1.4,0.7
"1544",157.124510924467,7.5,1.4,0.7
"1545",158.481667563485,7.75,1.4,0.7
"1546",159.795558065363,8,1.4,0.7
"1547",161.068845162863,8.25,1.4,0.7
"1548",162.303976832771,8.5,1.4,0.7
"1549",163.503177543659,8.75,1.4,0.7
"1550",164.66848238103,9,1.4,0.7
"1551",165.801757992215,9.25,1.4,0.7
"1552",166.904720708176,9.5,1.4,0.7
"1553",167.978952287741,9.75,1.4,0.7
"1554",169.025913649676,10,1.4,0.7
"1555",140.453342895247,5,1.6,0.7
"1556",142.478404459988,5.25,1.6,0.7
"1557",144.40832136717,5.5,1.6,0.7
"1558",146.25167846663,5.75,1.6,0.7
"1559",148.01594266496,6,1.6,0.7
"1560",149.707650043702,6.25,1.6,0.7
"1561",151.332555172231,6.5,1.6,0.7
"1562",152.89575148057,6.75,1.6,0.7
"1563",154.401769208256,7,1.6,0.7
"1564",155.854655786097,7.25,1.6,0.7
"1565",157.258042317092,7.5,1.6,0.7
"1566",158.615198956109,7.75,1.6,0.7
"1567",159.929089457987,8,1.6,0.7
"1568",161.202376555487,8.25,1.6,0.7
"1569",162.437508225396,8.5,1.6,0.7
"1570",163.636708936283,8.75,1.6,0.7
"1571",164.802013773655,9,1.6,0.7
"1572",165.935289384839,9.25,1.6,0.7
"1573",167.0382521008,9.5,1.6,0.7
"1574",168.112483680365,9.75,1.6,0.7
"1575",169.159445042301,10,1.6,0.7
"1576",140.571125930903,5,1.8,0.7
"1577",142.596187495644,5.25,1.8,0.7
"1578",144.526104402826,5.5,1.8,0.7
"1579",146.369461502286,5.75,1.8,0.7
"1580",148.133725700617,6,1.8,0.7
"1581",149.825433079359,6.25,1.8,0.7
"1582",151.450338207887,6.5,1.8,0.7
"1583",153.013534516227,6.75,1.8,0.7
"1584",154.519552243913,7,1.8,0.7
"1585",155.972438821753,7.25,1.8,0.7
"1586",157.375825352748,7.5,1.8,0.7
"1587",158.732981991766,7.75,1.8,0.7
"1588",160.046872493644,8,1.8,0.7
"1589",161.320159591144,8.25,1.8,0.7
"1590",162.555291261052,8.5,1.8,0.7
"1591",163.75449197194,8.75,1.8,0.7
"1592",164.919796809311,9,1.8,0.7
"1593",166.053072420496,9.25,1.8,0.7
"1594",167.156035136457,9.5,1.8,0.7
"1595",168.230266716022,9.75,1.8,0.7
"1596",169.277228077957,10,1.8,0.7
"1597",140.676486446561,5,2,0.7
"1598",142.701548011302,5.25,2,0.7
"1599",144.631464918484,5.5,2,0.7
"1600",146.474822017944,5.75,2,0.7
"1601",148.239086216275,6,2,0.7
"1602",149.930793595017,6.25,2,0.7
"1603",151.555698723545,6.5,2,0.7
"1604",153.118895031884,6.75,2,0.7
"1605",154.624912759571,7,2,0.7
"1606",156.077799337411,7.25,2,0.7
"1607",157.481185868406,7.5,2,0.7
"1608",158.838342507424,7.75,2,0.7
"1609",160.152233009302,8,2,0.7
"1610",161.425520106802,8.25,2,0.7
"1611",162.66065177671,8.5,2,0.7
"1612",163.859852487597,8.75,2,0.7
"1613",165.025157324969,9,2,0.7
"1614",166.158432936154,9.25,2,0.7
"1615",167.261395652114,9.5,2,0.7
"1616",168.335627231679,9.75,2,0.7
"1617",169.382588593615,10,2,0.7
"1618",140.400450624546,5,0,0.8
"1619",142.718619135912,5.25,0,0.8
"1620",144.927498332458,5.5,0,0.8
"1621",147.037002816936,5.75,0,0.8
"1622",149.055746195005,6,0,0.8
"1623",150.991261034443,6.25,0,0.8
"1624",152.850173818857,6.5,0,0.8
"1625",154.638345611728,6.75,0,0.8
"1626",156.360986256101,7,0,0.8
"1627",158.022747910982,7.25,0,0.8
"1628",159.627802283252,7.5,0,0.8
"1629",161.179904870461,7.75,0,0.8
"1630",162.682448764455,8,0,0.8
"1631",164.138509997027,8.25,0,0.8
"1632",165.550885981436,8.5,0,0.8
"1633",166.922128278956,8.75,0,0.8
"1634",168.254570670631,9,0,0.8
"1635",169.550361963576,9.25,0,0.8
"1636",170.811451039556,9.5,0,0.8
"1637",172.03966089733,9.75,0,0.8
"1638",173.236665596486,10,0,0.8
"1639",138.791012712112,5,0.2,0.8
"1640",141.109181223478,5.25,0.2,0.8
"1641",143.318060420024,5.5,0.2,0.8
"1642",145.427564904502,5.75,0.2,0.8
"1643",147.446308282571,6,0.2,0.8
"1644",149.381823122009,6.25,0.2,0.8
"1645",151.240735906423,6.5,0.2,0.8
"1646",153.028907699294,6.75,0.2,0.8
"1647",154.751548343666,7,0.2,0.8
"1648",156.413309998548,7.25,0.2,0.8
"1649",158.018364370818,7.5,0.2,0.8
"1650",159.570466958027,7.75,0.2,0.8
"1651",161.073010852021,8,0.2,0.8
"1652",162.529072084593,8.25,0.2,0.8
"1653",163.941448069002,8.5,0.2,0.8
"1654",165.312690366522,8.75,0.2,0.8
"1655",166.645132758197,9,0.2,0.8
"1656",167.940924051142,9.25,0.2,0.8
"1657",169.202013127122,9.5,0.2,0.8
"1658",170.430222984895,9.75,0.2,0.8
"1659",171.627227684052,10,0.2,0.8
"1660",139.484159892672,5,0.4,0.8
"1661",141.802328404038,5.25,0.4,0.8
"1662",144.011207600584,5.5,0.4,0.8
"1663",146.120712085061,5.75,0.4,0.8
"1664",148.139455463131,6,0.4,0.8
"1665",150.074970302568,6.25,0.4,0.8
"1666",151.933883086983,6.5,0.4,0.8
"1667",153.722054879854,6.75,0.4,0.8
"1668",155.444695524226,7,0.4,0.8
"1669",157.106457179108,7.25,0.4,0.8
"1670",158.711511551378,7.5,0.4,0.8
"1671",160.263614138587,7.75,0.4,0.8
"1672",161.766158032581,8,0.4,0.8
"1673",163.222219265153,8.25,0.4,0.8
"1674",164.634595249562,8.5,0.4,0.8
"1675",166.005837547082,8.75,0.4,0.8
"1676",167.338279938757,9,0.4,0.8
"1677",168.634071231702,9.25,0.4,0.8
"1678",169.895160307681,9.5,0.4,0.8
"1679",171.123370165455,9.75,0.4,0.8
"1680",172.320374864612,10,0.4,0.8
"1681",139.88962500078,5,0.6,0.8
"1682",142.207793512146,5.25,0.6,0.8
"1683",144.416672708692,5.5,0.6,0.8
"1684",146.52617719317,5.75,0.6,0.8
"1685",148.544920571239,6,0.6,0.8
"1686",150.480435410677,6.25,0.6,0.8
"1687",152.339348195091,6.5,0.6,0.8
"1688",154.127519987962,6.75,0.6,0.8
"1689",155.850160632335,7,0.6,0.8
"1690",157.511922287216,7.25,0.6,0.8
"1691",159.116976659486,7.5,0.6,0.8
"1692",160.669079246695,7.75,0.6,0.8
"1693",162.171623140689,8,0.6,0.8
"1694",163.627684373261,8.25,0.6,0.8
"1695",165.04006035767,8.5,0.6,0.8
"1696",166.41130265519,8.75,0.6,0.8
"1697",167.743745046865,9,0.6,0.8
"1698",169.03953633981,9.25,0.6,0.8
"1699",170.30062541579,9.5,0.6,0.8
"1700",171.528835273564,9.75,0.6,0.8
"1701",172.72583997272,10,0.6,0.8
"1702",140.177307073232,5,0.8,0.8
"1703",142.495475584598,5.25,0.8,0.8
"1704",144.704354781144,5.5,0.8,0.8
"1705",146.813859265621,5.75,0.8,0.8
"1706",148.832602643691,6,0.8,0.8
"1707",150.768117483128,6.25,0.8,0.8
"1708",152.627030267543,6.5,0.8,0.8
"1709",154.415202060414,6.75,0.8,0.8
"1710",156.137842704786,7,0.8,0.8
"1711",157.799604359668,7.25,0.8,0.8
"1712",159.404658731938,7.5,0.8,0.8
"1713",160.956761319147,7.75,0.8,0.8
"1714",162.459305213141,8,0.8,0.8
"1715",163.915366445713,8.25,0.8,0.8
"1716",165.327742430122,8.5,0.8,0.8
"1717",166.698984727642,8.75,0.8,0.8
"1718",168.031427119317,9,0.8,0.8
"1719",169.327218412262,9.25,0.8,0.8
"1720",170.588307488241,9.5,0.8,0.8
"1721",171.816517346015,9.75,0.8,0.8
"1722",173.013522045172,10,0.8,0.8
"1723",140.400450624546,5,1,0.8
"1724",142.718619135912,5.25,1,0.8
"1725",144.927498332458,5.5,1,0.8
"1726",147.037002816936,5.75,1,0.8
"1727",149.055746195005,6,1,0.8
"1728",150.991261034443,6.25,1,0.8
"1729",152.850173818857,6.5,1,0.8
"1730",154.638345611728,6.75,1,0.8
"1731",156.360986256101,7,1,0.8
"1732",158.022747910982,7.25,1,0.8
"1733",159.627802283252,7.5,1,0.8
"1734",161.179904870461,7.75,1,0.8
"1735",162.682448764455,8,1,0.8
"1736",164.138509997027,8.25,1,0.8
"1737",165.550885981436,8.5,1,0.8
"1738",166.922128278956,8.75,1,0.8
"1739",168.254570670631,9,1,0.8
"1740",169.550361963576,9.25,1,0.8
"1741",170.811451039556,9.5,1,0.8
"1742",172.03966089733,9.75,1,0.8
"1743",173.236665596486,10,1,0.8
"1744",140.58277218134,5,1.2,0.8
"1745",142.900940692706,5.25,1.2,0.8
"1746",145.109819889252,5.5,1.2,0.8
"1747",147.21932437373,5.75,1.2,0.8
"1748",149.238067751799,6,1.2,0.8
"1749",151.173582591237,6.25,1.2,0.8
"1750",153.032495375651,6.5,1.2,0.8
"1751",154.820667168522,6.75,1.2,0.8
"1752",156.543307812895,7,1.2,0.8
"1753",158.205069467776,7.25,1.2,0.8
"1754",159.810123840046,7.5,1.2,0.8
"1755",161.362226427255,7.75,1.2,0.8
"1756",162.864770321249,8,1.2,0.8
"1757",164.320831553821,8.25,1.2,0.8
"1758",165.73320753823,8.5,1.2,0.8
"1759",167.10444983575,8.75,1.2,0.8
"1760",168.436892227425,9,1.2,0.8
"1761",169.73268352037,9.25,1.2,0.8
"1762",170.99377259635,9.5,1.2,0.8
"1763",172.221982454124,9.75,1.2,0.8
"1764",173.41898715328,10,1.2,0.8
"1765",140.736922861167,5,1.4,0.8
"1766",143.055091372533,5.25,1.4,0.8
"1767",145.263970569079,5.5,1.4,0.8
"1768",147.373475053557,5.75,1.4,0.8
"1769",149.392218431627,6,1.4,0.8
"1770",151.327733271064,6.25,1.4,0.8
"1771",153.186646055479,6.5,1.4,0.8
"1772",154.974817848349,6.75,1.4,0.8
"1773",156.697458492722,7,1.4,0.8
"1774",158.359220147604,7.25,1.4,0.8
"1775",159.964274519873,7.5,1.4,0.8
"1776",161.516377107082,7.75,1.4,0.8
"1777",163.018921001076,8,1.4,0.8
"1778",164.474982233649,8.25,1.4,0.8
"1779",165.887358218058,8.5,1.4,0.8
"1780",167.258600515577,8.75,1.4,0.8
"1781",168.591042907252,9,1.4,0.8
"1782",169.886834200197,9.25,1.4,0.8
"1783",171.147923276177,9.5,1.4,0.8
"1784",172.376133133951,9.75,1.4,0.8
"1785",173.573137833107,10,1.4,0.8
"1786",140.870454253792,5,1.6,0.8
"1787",143.188622765158,5.25,1.6,0.8
"1788",145.397501961704,5.5,1.6,0.8
"1789",147.507006446181,5.75,1.6,0.8
"1790",149.525749824251,6,1.6,0.8
"1791",151.461264663688,6.25,1.6,0.8
"1792",153.320177448103,6.5,1.6,0.8
"1793",155.108349240974,6.75,1.6,0.8
"1794",156.830989885346,7,1.6,0.8
"1795",158.492751540228,7.25,1.6,0.8
"1796",160.097805912498,7.5,1.6,0.8
"1797",161.649908499707,7.75,1.6,0.8
"1798",163.152452393701,8,1.6,0.8
"1799",164.608513626273,8.25,1.6,0.8
"1800",166.020889610682,8.5,1.6,0.8
"1801",167.392131908202,8.75,1.6,0.8
"1802",168.724574299877,9,1.6,0.8
"1803",170.020365592822,9.25,1.6,0.8
"1804",171.281454668801,9.5,1.6,0.8
"1805",172.509664526575,9.75,1.6,0.8
"1806",173.706669225732,10,1.6,0.8
"1807",140.988237289448,5,1.8,0.8
"1808",143.306405800814,5.25,1.8,0.8
"1809",145.51528499736,5.5,1.8,0.8
"1810",147.624789481838,5.75,1.8,0.8
"1811",149.643532859908,6,1.8,0.8
"1812",151.579047699345,6.25,1.8,0.8
"1813",153.437960483759,6.5,1.8,0.8
"1814",155.22613227663,6.75,1.8,0.8
"1815",156.948772921003,7,1.8,0.8
"1816",158.610534575885,7.25,1.8,0.8
"1817",160.215588948154,7.5,1.8,0.8
"1818",161.767691535363,7.75,1.8,0.8
"1819",163.270235429357,8,1.8,0.8
"1820",164.726296661929,8.25,1.8,0.8
"1821",166.138672646339,8.5,1.8,0.8
"1822",167.509914943858,8.75,1.8,0.8
"1823",168.842357335533,9,1.8,0.8
"1824",170.138148628478,9.25,1.8,0.8
"1825",171.399237704458,9.5,1.8,0.8
"1826",172.627447562232,9.75,1.8,0.8
"1827",173.824452261388,10,1.8,0.8
"1828",141.093597805106,5,2,0.8
"1829",143.411766316472,5.25,2,0.8
"1830",145.620645513018,5.5,2,0.8
"1831",147.730149997496,5.75,2,0.8
"1832",149.748893375565,6,2,0.8
"1833",151.684408215003,6.25,2,0.8
"1834",153.543320999417,6.5,2,0.8
"1835",155.331492792288,6.75,2,0.8
"1836",157.054133436661,7,2,0.8
"1837",158.715895091542,7.25,2,0.8
"1838",160.320949463812,7.5,2,0.8
"1839",161.873052051021,7.75,2,0.8
"1840",163.375595945015,8,2,0.8
"1841",164.831657177587,8.25,2,0.8
"1842",166.244033161996,8.5,2,0.8
"1843",167.615275459516,8.75,2,0.8
"1844",168.947717851191,9,2,0.8
"1845",170.243509144136,9.25,2,0.8
"1846",171.504598220116,9.5,2,0.8
"1847",172.73280807789,9.75,2,0.8
"1848",173.929812777046,10,2,0.8
"1849",140.061644966578,5,0,0.9
"1850",142.674717379127,5.25,0,0.9
"1851",145.164025835643,5.5,0,0.9
"1852",147.540929833181,5.75,0,0.9
"1853",149.815230431524,6,0,0.9
"1854",151.995488094961,6.25,0,0.9
"1855",154.089225765629,6.5,0,0.9
"1856",156.103091559269,6.75,0,0.9
"1857",158.042990459686,7,0,0.9
"1858",159.914191913184,7.25,0,0.9
"1859",161.72141847725,7.5,0,0.9
"1860",163.468919423781,7.75,0,0.9
"1861",165.160532283424,8,0,0.9
"1862",166.79973464273,8.25,0,0.9
"1863",168.389688001145,8.5,0,0.9
"1864",169.933275113233,8.75,0,0.9
"1865",171.4331319499,9,0,0.9
"1866",172.891675187441,9.25,0,0.9
"1867",174.311125958168,9.5,0,0.9
"1868",175.693530459013,9.75,0,0.9
"1869",177.040777905916,10,0,0.9
"1870",138.452207054144,5,0.2,0.9
"1871",141.065279466693,5.25,0.2,0.9
"1872",143.554587923209,5.5,0.2,0.9
"1873",145.931491920747,5.75,0.2,0.9
"1874",148.20579251909,6,0.2,0.9
"1875",150.386050182527,6.25,0.2,0.9
"1876",152.479787853195,6.5,0.2,0.9
"1877",154.493653646835,6.75,0.2,0.9
"1878",156.433552547252,7,0.2,0.9
"1879",158.30475400075,7.25,0.2,0.9
"1880",160.111980564816,7.5,0.2,0.9
"1881",161.859481511347,7.75,0.2,0.9
"1882",163.55109437099,8,0.2,0.9
"1883",165.190296730296,8.25,0.2,0.9
"1884",166.780250088711,8.5,0.2,0.9
"1885",168.323837200799,8.75,0.2,0.9
"1886",169.823694037466,9,0.2,0.9
"1887",171.282237275007,9.25,0.2,0.9
"1888",172.701688045734,9.5,0.2,0.9
"1889",174.084092546579,9.75,0.2,0.9
"1890",175.431339993482,10,0.2,0.9
"1891",139.145354234704,5,0.4,0.9
"1892",141.758426647253,5.25,0.4,0.9
"1893",144.247735103769,5.5,0.4,0.9
"1894",146.624639101307,5.75,0.4,0.9
"1895",148.89893969965,6,0.4,0.9
"1896",151.079197363087,6.25,0.4,0.9
"1897",153.172935033755,6.5,0.4,0.9
"1898",155.186800827395,6.75,0.4,0.9
"1899",157.126699727812,7,0.4,0.9
"1900",158.99790118131,7.25,0.4,0.9
"1901",160.805127745376,7.5,0.4,0.9
"1902",162.552628691907,7.75,0.4,0.9
"1903",164.24424155155,8,0.4,0.9
"1904",165.883443910856,8.25,0.4,0.9
"1905",167.473397269271,8.5,0.4,0.9
"1906",169.016984381359,8.75,0.4,0.9
"1907",170.516841218025,9,0.4,0.9
"1908",171.975384455567,9.25,0.4,0.9
"1909",173.394835226294,9.5,0.4,0.9
"1910",174.777239727139,9.75,0.4,0.9
"1911",176.124487174042,10,0.4,0.9
"1912",139.550819342812,5,0.6,0.9
"1913",142.163891755361,5.25,0.6,0.9
"1914",144.653200211877,5.5,0.6,0.9
"1915",147.030104209415,5.75,0.6,0.9
"1916",149.304404807758,6,0.6,0.9
"1917",151.484662471195,6.25,0.6,0.9
"1918",153.578400141863,6.5,0.6,0.9
"1919",155.592265935503,6.75,0.6,0.9
"1920",157.53216483592,7,0.6,0.9
"1921",159.403366289418,7.25,0.6,0.9
"1922",161.210592853484,7.5,0.6,0.9
"1923",162.958093800015,7.75,0.6,0.9
"1924",164.649706659658,8,0.6,0.9
"1925",166.288909018965,8.25,0.6,0.9
"1926",167.878862377379,8.5,0.6,0.9
"1927",169.422449489467,8.75,0.6,0.9
"1928",170.922306326134,9,0.6,0.9
"1929",172.380849563675,9.25,0.6,0.9
"1930",173.800300334402,9.5,0.6,0.9
"1931",175.182704835247,9.75,0.6,0.9
"1932",176.52995228215,10,0.6,0.9
"1933",139.838501415264,5,0.8,0.9
"1934",142.451573827813,5.25,0.8,0.9
"1935",144.940882284329,5.5,0.8,0.9
"1936",147.317786281867,5.75,0.8,0.9
"1937",149.59208688021,6,0.8,0.9
"1938",151.772344543647,6.25,0.8,0.9
"1939",153.866082214315,6.5,0.8,0.9
"1940",155.879948007954,6.75,0.8,0.9
"1941",157.819846908372,7,0.8,0.9
"1942",159.69104836187,7.25,0.8,0.9
"1943",161.498274925936,7.5,0.8,0.9
"1944",163.245775872467,7.75,0.8,0.9
"1945",164.93738873211,8,0.8,0.9
"1946",166.576591091416,8.25,0.8,0.9
"1947",168.166544449831,8.5,0.8,0.9
"1948",169.710131561919,8.75,0.8,0.9
"1949",171.209988398585,9,0.8,0.9
"1950",172.668531636127,9.25,0.8,0.9
"1951",174.087982406854,9.5,0.8,0.9
"1952",175.470386907699,9.75,0.8,0.9
"1953",176.817634354602,10,0.8,0.9
"1954",140.061644966578,5,1,0.9
"1955",142.674717379127,5.25,1,0.9
"1956",145.164025835643,5.5,1,0.9
"1957",147.540929833181,5.75,1,0.9
"1958",149.815230431524,6,1,0.9
"1959",151.995488094961,6.25,1,0.9
"1960",154.089225765629,6.5,1,0.9
"1961",156.103091559269,6.75,1,0.9
"1962",158.042990459686,7,1,0.9
"1963",159.914191913184,7.25,1,0.9
"1964",161.72141847725,7.5,1,0.9
"1965",163.468919423781,7.75,1,0.9
"1966",165.160532283424,8,1,0.9
"1967",166.79973464273,8.25,1,0.9
"1968",168.389688001145,8.5,1,0.9
"1969",169.933275113233,8.75,1,0.9
"1970",171.4331319499,9,1,0.9
"1971",172.891675187441,9.25,1,0.9
"1972",174.311125958168,9.5,1,0.9
"1973",175.693530459013,9.75,1,0.9
"1974",177.040777905916,10,1,0.9
"1975",140.243966523372,5,1.2,0.9
"1976",142.857038935921,5.25,1.2,0.9
"1977",145.346347392437,5.5,1.2,0.9
"1978",147.723251389975,5.75,1.2,0.9
"1979",149.997551988318,6,1.2,0.9
"1980",152.177809651755,6.25,1.2,0.9
"1981",154.271547322423,6.5,1.2,0.9
"1982",156.285413116063,6.75,1.2,0.9
"1983",158.22531201648,7,1.2,0.9
"1984",160.096513469978,7.25,1.2,0.9
"1985",161.903740034044,7.5,1.2,0.9
"1986",163.651240980575,7.75,1.2,0.9
"1987",165.342853840218,8,1.2,0.9
"1988",166.982056199524,8.25,1.2,0.9
"1989",168.572009557939,8.5,1.2,0.9
"1990",170.115596670027,8.75,1.2,0.9
"1991",171.615453506694,9,1.2,0.9
"1992",173.073996744235,9.25,1.2,0.9
"1993",174.493447514962,9.5,1.2,0.9
"1994",175.875852015807,9.75,1.2,0.9
"1995",177.22309946271,10,1.2,0.9
"1996",140.398117203199,5,1.4,0.9
"1997",143.011189615749,5.25,1.4,0.9
"1998",145.500498072264,5.5,1.4,0.9
"1999",147.877402069803,5.75,1.4,0.9
"2000",150.151702668145,6,1.4,0.9
"2001",152.331960331582,6.25,1.4,0.9
"2002",154.42569800225,6.5,1.4,0.9
"2003",156.43956379589,6.75,1.4,0.9
"2004",158.379462696307,7,1.4,0.9
"2005",160.250664149805,7.25,1.4,0.9
"2006",162.057890713871,7.5,1.4,0.9
"2007",163.805391660402,7.75,1.4,0.9
"2008",165.497004520045,8,1.4,0.9
"2009",167.136206879352,8.25,1.4,0.9
"2010",168.726160237766,8.5,1.4,0.9
"2011",170.269747349854,8.75,1.4,0.9
"2012",171.769604186521,9,1.4,0.9
"2013",173.228147424062,9.25,1.4,0.9
"2014",174.647598194789,9.5,1.4,0.9
"2015",176.030002695634,9.75,1.4,0.9
"2016",177.377250142538,10,1.4,0.9
"2017",140.531648595824,5,1.6,0.9
"2018",143.144721008373,5.25,1.6,0.9
"2019",145.634029464889,5.5,1.6,0.9
"2020",148.010933462427,5.75,1.6,0.9
"2021",150.28523406077,6,1.6,0.9
"2022",152.465491724207,6.25,1.6,0.9
"2023",154.559229394874,6.5,1.6,0.9
"2024",156.573095188514,6.75,1.6,0.9
"2025",158.512994088932,7,1.6,0.9
"2026",160.38419554243,7.25,1.6,0.9
"2027",162.191422106496,7.5,1.6,0.9
"2028",163.938923053026,7.75,1.6,0.9
"2029",165.63053591267,8,1.6,0.9
"2030",167.269738271976,8.25,1.6,0.9
"2031",168.859691630391,8.5,1.6,0.9
"2032",170.403278742479,8.75,1.6,0.9
"2033",171.903135579145,9,1.6,0.9
"2034",173.361678816687,9.25,1.6,0.9
"2035",174.781129587414,9.5,1.6,0.9
"2036",176.163534088259,9.75,1.6,0.9
"2037",177.510781535162,10,1.6,0.9
"2038",140.64943163148,5,1.8,0.9
"2039",143.262504044029,5.25,1.8,0.9
"2040",145.751812500545,5.5,1.8,0.9
"2041",148.128716498084,5.75,1.8,0.9
"2042",150.403017096426,6,1.8,0.9
"2043",152.583274759863,6.25,1.8,0.9
"2044",154.677012430531,6.5,1.8,0.9
"2045",156.690878224171,6.75,1.8,0.9
"2046",158.630777124588,7,1.8,0.9
"2047",160.501978578086,7.25,1.8,0.9
"2048",162.309205142152,7.5,1.8,0.9
"2049",164.056706088683,7.75,1.8,0.9
"2050",165.748318948326,8,1.8,0.9
"2051",167.387521307633,8.25,1.8,0.9
"2052",168.977474666047,8.5,1.8,0.9
"2053",170.521061778135,8.75,1.8,0.9
"2054",172.020918614802,9,1.8,0.9
"2055",173.479461852343,9.25,1.8,0.9
"2056",174.89891262307,9.5,1.8,0.9
"2057",176.281317123915,9.75,1.8,0.9
"2058",177.628564570819,10,1.8,0.9
"2059",140.754792147138,5,2,0.9
"2060",143.367864559687,5.25,2,0.9
"2061",145.857173016203,5.5,2,0.9
"2062",148.234077013741,5.75,2,0.9
"2063",150.508377612084,6,2,0.9
"2064",152.688635275521,6.25,2,0.9
"2065",154.782372946189,6.5,2,0.9
"2066",156.796238739829,6.75,2,0.9
"2067",158.736137640246,7,2,0.9
"2068",160.607339093744,7.25,2,0.9
"2069",162.41456565781,7.5,2,0.9
"2070",164.162066604341,7.75,2,0.9
"2071",165.853679463984,8,2,0.9
"2072",167.49288182329,8.25,2,0.9
"2073",169.082835181705,8.5,2,0.9
"2074",170.626422293793,8.75,2,0.9
"2075",172.12627913046,9,2,0.9
"2076",173.584822368001,9.25,2,0.9
"2077",175.004273138728,9.5,2,0.9
"2078",176.386677639573,9.75,2,0.9
"2079",177.733925086476,10,2,0.9
"2080",139.046659202807,5,0,1
"2081",141.956662546844,5.25,0,1
"2082",144.72819632381,5.5,0,1
"2083",147.374069994071,5.75,0,1
"2084",149.905209639049,6,0,1
"2085",152.331317460458,6.25,0,1
"2086",154.66084375027,6.5,0,1
"2087",156.901247935844,6.75,0,1
"2088",159.059149420717,7,0,1
"2089",161.140450425797,7.25,0,1
"2090",163.150436923532,7.5,0,1
"2091",165.093862245341,7.75,0,1
"2092",166.975016849917,8,0,1
"2093",168.797786938925,8.25,0,1
"2094",170.565704011326,8.5,0,1
"2095",172.281986999901,8.75,0,1
"2096",173.949578293122,9,0,1
"2097",175.571174684057,9.25,0,1
"2098",177.149254085253,9.5,0,1
"2099",178.686098689989,9.75,0,1
"2100",180.183815135344,10,0,1
"2101",137.437221290373,5,0.2,1
"2102",140.34722463441,5.25,0.2,1
"2103",143.118758411376,5.5,0.2,1
"2104",145.764632081637,5.75,0.2,1
"2105",148.295771726615,6,0.2,1
"2106",150.721879548024,6.25,0.2,1
"2107",153.051405837836,6.5,0.2,1
"2108",155.29181002341,6.75,0.2,1
"2109",157.449711508283,7,0.2,1
"2110",159.531012513363,7.25,0.2,1
"2111",161.540999011098,7.5,0.2,1
"2112",163.484424332907,7.75,0.2,1
"2113",165.365578937483,8,0.2,1
"2114",167.188349026491,8.25,0.2,1
"2115",168.956266098892,8.5,0.2,1
"2116",170.672549087467,8.75,0.2,1
"2117",172.340140380687,9,0.2,1
"2118",173.961736771623,9.25,0.2,1
"2119",175.539816172819,9.5,0.2,1
"2120",177.076660777555,9.75,0.2,1
"2121",178.57437722291,10,0.2,1
"2122",138.130368470933,5,0.4,1
"2123",141.04037181497,5.25,0.4,1
"2124",143.811905591936,5.5,0.4,1
"2125",146.457779262197,5.75,0.4,1
"2126",148.988918907175,6,0.4,1
"2127",151.415026728584,6.25,0.4,1
"2128",153.744553018396,6.5,0.4,1
"2129",155.98495720397,6.75,0.4,1
"2130",158.142858688843,7,0.4,1
"2131",160.224159693922,7.25,0.4,1
"2132",162.234146191658,7.5,0.4,1
"2133",164.177571513467,7.75,0.4,1
"2134",166.058726118043,8,0.4,1
"2135",167.881496207051,8.25,0.4,1
"2136",169.649413279452,8.5,0.4,1
"2137",171.365696268027,8.75,0.4,1
"2138",173.033287561247,9,0.4,1
"2139",174.654883952183,9.25,0.4,1
"2140",176.232963353379,9.5,0.4,1
"2141",177.769807958115,9.75,0.4,1
"2142",179.26752440347,10,0.4,1
"2143",138.535833579041,5,0.6,1
"2144",141.445836923079,5.25,0.6,1
"2145",144.217370700044,5.5,0.6,1
"2146",146.863244370305,5.75,0.6,1
"2147",149.394384015283,6,0.6,1
"2148",151.820491836692,6.25,0.6,1
"2149",154.150018126504,6.5,0.6,1
"2150",156.390422312078,6.75,0.6,1
"2151",158.548323796951,7,0.6,1
"2152",160.629624802031,7.25,0.6,1
"2153",162.639611299766,7.5,0.6,1
"2154",164.583036621575,7.75,0.6,1
"2155",166.464191226151,8,0.6,1
"2156",168.286961315159,8.25,0.6,1
"2157",170.05487838756,8.5,0.6,1
"2158",171.771161376135,8.75,0.6,1
"2159",173.438752669356,9,0.6,1
"2160",175.060349060291,9.25,0.6,1
"2161",176.638428461487,9.5,0.6,1
"2162",178.175273066223,9.75,0.6,1
"2163",179.672989511578,10,0.6,1
"2164",138.823515651493,5,0.8,1
"2165",141.73351899553,5.25,0.8,1
"2166",144.505052772496,5.5,0.8,1
"2167",147.150926442757,5.75,0.8,1
"2168",149.682066087735,6,0.8,1
"2169",152.108173909144,6.25,0.8,1
"2170",154.437700198956,6.5,0.8,1
"2171",156.67810438453,6.75,0.8,1
"2172",158.836005869403,7,0.8,1
"2173",160.917306874482,7.25,0.8,1
"2174",162.927293372218,7.5,0.8,1
"2175",164.870718694027,7.75,0.8,1
"2176",166.751873298603,8,0.8,1
"2177",168.574643387611,8.25,0.8,1
"2178",170.342560460012,8.5,0.8,1
"2179",172.058843448587,8.75,0.8,1
"2180",173.726434741807,9,0.8,1
"2181",175.348031132743,9.25,0.8,1
"2182",176.926110533939,9.5,0.8,1
"2183",178.462955138675,9.75,0.8,1
"2184",179.96067158403,10,0.8,1
"2185",139.046659202807,5,1,1
"2186",141.956662546844,5.25,1,1
"2187",144.72819632381,5.5,1,1
"2188",147.374069994071,5.75,1,1
"2189",149.905209639049,6,1,1
"2190",152.331317460458,6.25,1,1
"2191",154.66084375027,6.5,1,1
"2192",156.901247935844,6.75,1,1
"2193",159.059149420717,7,1,1
"2194",161.140450425797,7.25,1,1
"2195",163.150436923532,7.5,1,1
"2196",165.093862245341,7.75,1,1
"2197",166.975016849917,8,1,1
"2198",168.797786938925,8.25,1,1
"2199",170.565704011326,8.5,1,1
"2200",172.281986999901,8.75,1,1
"2201",173.949578293122,9,1,1
"2202",175.571174684057,9.25,1,1
"2203",177.149254085253,9.5,1,1
"2204",178.686098689989,9.75,1,1
"2205",180.183815135344,10,1,1
"2206",139.228980759601,5,1.2,1
"2207",142.138984103638,5.25,1.2,1
"2208",144.910517880604,5.5,1.2,1
"2209",147.556391550865,5.75,1.2,1
"2210",150.087531195843,6,1.2,1
"2211",152.513639017252,6.25,1.2,1
"2212",154.843165307064,6.5,1.2,1
"2213",157.083569492638,6.75,1.2,1
"2214",159.241470977511,7,1.2,1
"2215",161.322771982591,7.25,1.2,1
"2216",163.332758480326,7.5,1.2,1
"2217",165.276183802135,7.75,1.2,1
"2218",167.157338406711,8,1.2,1
"2219",168.980108495719,8.25,1.2,1
"2220",170.74802556812,8.5,1.2,1
"2221",172.464308556695,8.75,1.2,1
"2222",174.131899849915,9,1.2,1
"2223",175.753496240851,9.25,1.2,1
"2224",177.331575642047,9.5,1.2,1
"2225",178.868420246783,9.75,1.2,1
"2226",180.366136692138,10,1.2,1
"2227",139.383131439429,5,1.4,1
"2228",142.293134783466,5.25,1.4,1
"2229",145.064668560431,5.5,1.4,1
"2230",147.710542230692,5.75,1.4,1
"2231",150.24168187567,6,1.4,1
"2232",152.667789697079,6.25,1.4,1
"2233",154.997315986891,6.5,1.4,1
"2234",157.237720172466,6.75,1.4,1
"2235",159.395621657339,7,1.4,1
"2236",161.476922662418,7.25,1.4,1
"2237",163.486909160153,7.5,1.4,1
"2238",165.430334481962,7.75,1.4,1
"2239",167.311489086538,8,1.4,1
"2240",169.134259175546,8.25,1.4,1
"2241",170.902176247947,8.5,1.4,1
"2242",172.618459236522,8.75,1.4,1
"2243",174.286050529743,9,1.4,1
"2244",175.907646920679,9.25,1.4,1
"2245",177.485726321874,9.5,1.4,1
"2246",179.02257092661,9.75,1.4,1
"2247",180.520287371965,10,1.4,1
"2248",139.516662832053,5,1.6,1
"2249",142.42666617609,5.25,1.6,1
"2250",145.198199953056,5.5,1.6,1
"2251",147.844073623316,5.75,1.6,1
"2252",150.375213268295,6,1.6,1
"2253",152.801321089703,6.25,1.6,1
"2254",155.130847379516,6.5,1.6,1
"2255",157.37125156509,6.75,1.6,1
"2256",159.529153049963,7,1.6,1
"2257",161.610454055042,7.25,1.6,1
"2258",163.620440552778,7.5,1.6,1
"2259",165.563865874587,7.75,1.6,1
"2260",167.445020479163,8,1.6,1
"2261",169.267790568171,8.25,1.6,1
"2262",171.035707640572,8.5,1.6,1
"2263",172.751990629147,8.75,1.6,1
"2264",174.419581922367,9,1.6,1
"2265",176.041178313303,9.25,1.6,1
"2266",177.619257714499,9.5,1.6,1
"2267",179.156102319234,9.75,1.6,1
"2268",180.65381876459,10,1.6,1
"2269",139.63444586771,5,1.8,1
"2270",142.544449211747,5.25,1.8,1
"2271",145.315982988712,5.5,1.8,1
"2272",147.961856658973,5.75,1.8,1
"2273",150.492996303951,6,1.8,1
"2274",152.91910412536,6.25,1.8,1
"2275",155.248630415172,6.5,1.8,1
"2276",157.489034600747,6.75,1.8,1
"2277",159.64693608562,7,1.8,1
"2278",161.728237090699,7.25,1.8,1
"2279",163.738223588434,7.5,1.8,1
"2280",165.681648910243,7.75,1.8,1
"2281",167.562803514819,8,1.8,1
"2282",169.385573603827,8.25,1.8,1
"2283",171.153490676228,8.5,1.8,1
"2284",172.869773664803,8.75,1.8,1
"2285",174.537364958024,9,1.8,1
"2286",176.158961348959,9.25,1.8,1
"2287",177.737040750155,9.5,1.8,1
"2288",179.273885354891,9.75,1.8,1
"2289",180.771601800246,10,1.8,1
"2290",139.739806383367,5,2,1
"2291",142.649809727404,5.25,2,1
"2292",145.42134350437,5.5,2,1
"2293",148.067217174631,5.75,2,1
"2294",150.598356819609,6,2,1
"2295",153.024464641018,6.25,2,1
"2296",155.35399093083,6.5,2,1
"2297",157.594395116404,6.75,2,1
"2298",159.752296601277,7,2,1
"2299",161.833597606357,7.25,2,1
"2300",163.843584104092,7.5,2,1
"2301",165.787009425901,7.75,2,1
"2302",167.668164030477,8,2,1
"2303",169.490934119485,8.25,2,1
"2304",171.258851191886,8.5,2,1
"2305",172.975134180461,8.75,2,1
"2306",174.642725473681,9,2,1
"2307",176.264321864617,9.25,2,1
"2308",177.842401265813,9.5,2,1
"2309",179.379245870549,9.75,2,1
"2310",180.876962315904,10,2,1
